471375000.0 -79.6109002666
471625000.0 -82.1324484061
471875000.0 -82.0058042168
472125000.0 -82.01257822
472375000.0 -82.1359514849
472625000.0 -81.9461651803
472875000.0 -81.9308463837
473125000.0 -82.2615809412
473375000.0 -81.8460384658
473625000.0 -81.7937667099
473875000.0 -82.2034697726
474125000.0 -81.7279007424
474375000.0 -81.8253442774
474625000.0 -82.0608994179
474875000.0 -81.6510150448
475125000.0 -80.9155558423
475375000.0 -81.9804353071
475625000.0 -81.3785199885
475875000.0 -81.5620657691
476125000.0 -81.8728302552
476375000.0 -81.7047103304
476625000.0 -81.5384895745
476875000.0 -81.7099849751
477125000.0 -81.5688092863
477375000.0 -81.8066083385
477625000.0 -81.7988211589
477875000.0 -81.6837783905
478125000.0 -81.5976296324
478375000.0 -81.6858814195
478625000.0 -81.6934558313
478875000.0 -81.6432108282
479125000.0 -81.7197276352
479375000.0 -81.521803963
479625000.0 -81.2242441229
479875000.0 -80.8310469654
480125000.0 -80.9473875443
480375000.0 -81.3673260247
480625000.0 -81.6027265884
480875000.0 -81.4734988292
481125000.0 -81.6685584578
481375000.0 -81.8632083296
481625000.0 -81.5908351026
481875000.0 -81.8183015692
482125000.0 -81.7354841321
482375000.0 -81.59420303
482625000.0 -82.0359369317
482875000.0 -81.9779469884
483125000.0 -78.1605692709
483375000.0 -80.4905221133
483625000.0 -81.0193851128
483875000.0 -81.4934143586
484125000.0 -81.9282947378
484375000.0 -81.9645572174
484625000.0 -81.6156854293
484875000.0 -81.878958733
485125000.0 -81.9752717727
485375000.0 -81.1167461129
485625000.0 -82.2158126337
485875000.0 -79.2203685622
486125000.0 -74.8070090565
486375000.0 -79.2322017748
486625000.0 -70.7509816658
486875000.0 -79.2846846535
487125000.0 -71.1806925532
487375000.0 -78.7692958988
487625000.0 -71.1545810206
487875000.0 -80.6282640678
488125000.0 -80.6162998903
488375000.0 -70.7290260643
488625000.0 -81.6409106009
488875000.0 -77.5621410313
489125000.0 -79.8753366621
489375000.0 -79.513179974
489625000.0 -78.2760282898
489875000.0 -77.2132358836
490125000.0 -77.2706868953
490375000.0 -78.2139273343
490625000.0 -77.5542944989
490875000.0 -77.6426208919
491125000.0 -76.9000853896
491375000.0 -77.2634082821
491625000.0 -76.8052123464
491875000.0 -77.6907664784
492125000.0 -77.8805908147
492375000.0 -79.410890881
492625000.0 -79.3314760091
492875000.0 -80.6332915499
493125000.0 -80.1903933676
493375000.0 -80.1696539219
493625000.0 -80.9446664216
493875000.0 -82.3117956227
494125000.0 -82.7441922632
494375000.0 -82.5626257053
494625000.0 -82.2565540968
494875000.0 -82.0156993333
495125000.0 -82.4734990356
495375000.0 -81.2009622232
495625000.0 -82.5966487975
495875000.0 -82.4498975107
496125000.0 -79.632189194
496375000.0 -82.7669837897
496625000.0 -81.4774346217
496875000.0 -82.5106067139
497125000.0 -82.608485874
497375000.0 -82.2802614606
497625000.0 -81.8362125734
497875000.0 -82.4182318734
498125000.0 -82.0911768443
498375000.0 -82.1035777818
498625000.0 -81.8292646897
498875000.0 -82.1125066659
499125000.0 -82.2088690545
499375000.0 -82.0372822295
499625000.0 -81.8992551117
499875000.0 -81.2625208425
500125000.0 -80.73803856
500375000.0 -81.7899702432
500625000.0 -82.2192889942
500875000.0 -82.1709422989
501125000.0 -81.9255454207
501375000.0 -82.4408212383
501625000.0 -82.5587008027
501875000.0 -82.4410670397
502125000.0 -82.5204262137
502375000.0 -82.8559582786
502625000.0 -82.7670683254
502875000.0 -82.5153359433
503125000.0 -81.2205214777
503375000.0 -82.7632078673
503625000.0 -83.1367247632
503875000.0 -83.1397358707
504125000.0 -82.8708068363
504375000.0 -83.1264134396
504625000.0 -83.0528874857
504875000.0 -83.0819066503
505125000.0 -83.2308771962
505375000.0 -83.2220305288
505625000.0 -83.0634282383
505875000.0 -83.4051442094
506125000.0 -83.3776571181
506375000.0 -83.2062651639
506625000.0 -83.5017458599
506875000.0 -83.4026880942
507125000.0 -82.8910661673
507375000.0 -82.0740560136
507625000.0 -83.1702326491
507875000.0 -83.4337568972
508125000.0 -83.2389389244
508375000.0 -83.7017050367
508625000.0 -83.053483407
508875000.0 -82.8231666732
509125000.0 -83.6013441839
509375000.0 -82.7570606668
509625000.0 -82.809676071
509875000.0 -83.4285489674
510125000.0 -80.0049448952
510375000.0 -71.7567925031
510625000.0 -72.0488417898
510875000.0 -70.6551056449
511125000.0 -70.7499763851
511375000.0 -69.8649656423
511625000.0 -71.0236852466
511875000.0 -71.1793623623
512125000.0 -70.1839635938
512375000.0 -69.6487430985
512625000.0 -69.9140156888
512875000.0 -71.4253100664
513125000.0 -71.6028214431
513375000.0 -69.1678038392
513625000.0 -68.3851602635
513875000.0 -68.5797494127
514125000.0 -67.8568891961
514375000.0 -67.5924394389
514625000.0 -67.3495266883
514875000.0 -67.7497199055
515125000.0 -69.0474438405
515375000.0 -70.2133262452
515625000.0 -72.5891990903
515875000.0 -76.1232013013
516125000.0 -77.6075575894
516375000.0 -75.2720530744
516625000.0 -72.0514156916
516875000.0 -70.9987049953
517125000.0 -70.8218937633
517375000.0 -72.0513834927
517625000.0 -73.6849789472
517875000.0 -80.8049691729
518125000.0 -81.6269382793
518375000.0 -76.198459026
518625000.0 -79.0101456486
518875000.0 -75.2298522244
519125000.0 -70.9822101779
519375000.0 -70.9616463255
519625000.0 -70.7122737021
519875000.0 -73.2811312664
520125000.0 -73.0775676097
520375000.0 -73.3170161446
520625000.0 -72.4673840784
520875000.0 -69.5924271125
521125000.0 -67.6167972931
521375000.0 -67.3202322672
521625000.0 -68.5462593707
521875000.0 -69.525774902
522125000.0 -69.5513296702
522375000.0 -68.3768915753
522625000.0 -68.3632065814
522875000.0 -68.4988488785
523125000.0 -68.5891104181
523375000.0 -69.1946067784
523625000.0 -70.1214673224
523875000.0 -71.9713901414
524125000.0 -73.8472132355
524375000.0 -72.7460709665
524625000.0 -70.8748797749
524875000.0 -70.0993753536
525125000.0 -70.7933780735
525375000.0 -73.1083581431
525625000.0 -73.4792153634
525875000.0 -80.2472762846
526125000.0 -83.1476610004
526375000.0 -83.1738184174
526625000.0 -83.0892557019
526875000.0 -83.1035336691
527125000.0 -83.1409514638
527375000.0 -83.1803561534
527625000.0 -83.2271442389
527875000.0 -82.9413057867
528125000.0 -82.5283941466
528375000.0 -83.0289706769
528625000.0 -82.8510302901
528875000.0 -82.9053420206
529125000.0 -82.8067508872
529375000.0 -83.0500344741
529625000.0 -82.9467489105
529875000.0 -82.7622767533
530125000.0 -82.9906497409
530375000.0 -82.9420078013
530625000.0 -82.6277877495
530875000.0 -82.6354709253
531125000.0 -82.8283701507
531375000.0 -82.647703008
531625000.0 -82.7122757289
531875000.0 -82.7238689491
532125000.0 -82.4917833272
532375000.0 -82.8286848458
532625000.0 -82.8612415764
532875000.0 -82.7322838153
533125000.0 -82.59849985
533375000.0 -82.4711208618
533625000.0 -82.9354648811
533875000.0 -82.7990066628
534125000.0 -80.7875400812
534375000.0 -76.7248762187
534625000.0 -79.1519483718
534875000.0 -78.7460527416
535125000.0 -77.026181576
535375000.0 -75.7965908496
535625000.0 -75.5131481678
535875000.0 -76.365260035
536125000.0 -76.1338594288
536375000.0 -75.7707000875
536625000.0 -76.0440431071
536875000.0 -76.6897743944
537125000.0 -78.0714190736
537375000.0 -76.6749507853
537625000.0 -77.8670687336
537875000.0 -77.2026323777
538125000.0 -77.042961575
538375000.0 -78.4743645088
538625000.0 -79.241086309
538875000.0 -80.717645861
539125000.0 -78.7203644954
539375000.0 -77.2767258756
539625000.0 -77.9862910175
539875000.0 -77.4596554304
540125000.0 -80.3375160868
540375000.0 -79.6397133888
540625000.0 -81.375116739
540875000.0 -80.4499982563
541125000.0 -79.7167902083
541375000.0 -80.4739375352
541625000.0 -79.993987856
541875000.0 -81.6358003199
542125000.0 -82.480925577
542375000.0 -82.9104576507
542625000.0 -82.8319182413
542875000.0 -82.9386328964
543125000.0 -82.801225872
543375000.0 -83.0050265183
543625000.0 -82.7958869262
543875000.0 -82.9194548752
544125000.0 -82.5141173394
544375000.0 -82.9034416263
544625000.0 -83.2409469649
544875000.0 -82.9972249652
545125000.0 -82.9538668879
545375000.0 -83.2137426316
545625000.0 -82.8363824519
545875000.0 -82.9919952512
546125000.0 -83.0425819831
546375000.0 -83.1061983018
546625000.0 -82.9440720761
546875000.0 -83.2574123647
547125000.0 -82.8006920771
547375000.0 -83.2520250204
547625000.0 -83.1778349166
547875000.0 -83.1190870946
548125000.0 -83.0527486892
548375000.0 -82.9920902326
548625000.0 -83.4385479556
548875000.0 -83.0582371029
549125000.0 -83.3402999821
549375000.0 -83.1939628141
549625000.0 -83.1778466734
549875000.0 -83.0476642801
550125000.0 -79.5856844145
550375000.0 -71.9781485643
550625000.0 -71.7778101938
550875000.0 -71.8489269311
551125000.0 -71.0631251031
551375000.0 -70.8274540249
551625000.0 -72.0699184271
551875000.0 -72.4628193938
552125000.0 -73.4143993022
552375000.0 -75.2937760138
552625000.0 -72.8160126063
552875000.0 -71.6750871524
553125000.0 -70.7450000846
553375000.0 -69.8445914713
553625000.0 -71.1731006295
553875000.0 -70.8684658241
554125000.0 -73.1923229253
554375000.0 -74.0036077768
554625000.0 -71.2689944663
554875000.0 -69.4285377085
555125000.0 -68.843163162
555375000.0 -69.3613616926
555625000.0 -68.8115663707
555875000.0 -68.6328421721
556125000.0 -68.3602259532
556375000.0 -69.4112584716
556625000.0 -69.7184056086
556875000.0 -71.1695616067
557125000.0 -74.9474566399
557375000.0 -73.7398344697
557625000.0 -74.6021455854
557875000.0 -81.4785093245
558125000.0 -83.1238423387
558375000.0 -82.7153873113
558625000.0 -82.657566715
558875000.0 -82.6768747918
559125000.0 -82.9348476152
559375000.0 -82.7555992327
559625000.0 -82.5516449665
559875000.0 -82.6467481495
560125000.0 -82.3655472408
560375000.0 -82.6805837554
560625000.0 -82.8257145607
560875000.0 -82.7533200643
561125000.0 -82.8775297637
561375000.0 -82.8658599179
561625000.0 -82.7444355313
561875000.0 -82.9074197457
562125000.0 -82.7192050275
562375000.0 -83.0061228721
562625000.0 -82.7109066561
562875000.0 -82.9872036965
563125000.0 -83.1105954448
563375000.0 -83.2022497924
563625000.0 -83.1555561443
563875000.0 -83.1928530852
564125000.0 -82.7791576254
564375000.0 -83.1135317775
564625000.0 -83.2090730808
564875000.0 -83.067809521
565125000.0 -83.2110416424
565375000.0 -83.0207198853
565625000.0 -82.9687712302
565875000.0 -83.0066249345
566125000.0 -79.1758846371
566375000.0 -69.3124924366
566625000.0 -69.2249810288
566875000.0 -70.0911936
567125000.0 -70.4022977853
567375000.0 -70.6860999644
567625000.0 -72.0649403381
567875000.0 -71.9269621921
568125000.0 -72.4774269997
568375000.0 -75.4455517065
568625000.0 -75.7203595478
568875000.0 -73.7057828471
569125000.0 -72.0921710857
569375000.0 -71.2158384644
569625000.0 -70.140838125
569875000.0 -70.0787334756
570125000.0 -69.4116914264
570375000.0 -68.9685109441
570625000.0 -69.5068858165
570875000.0 -69.99874158
571125000.0 -71.7660759217
571375000.0 -74.1257961925
571625000.0 -76.4720497619
571875000.0 -78.2124874849
572125000.0 -71.4324782073
572375000.0 -68.8116248064
572625000.0 -68.9982727976
572875000.0 -69.0583767129
573125000.0 -69.1794505523
573375000.0 -70.0288496358
573625000.0 -72.2226128035
573875000.0 -80.0073775697
574125000.0 -81.2004411279
574375000.0 -75.9770962127
574625000.0 -75.1813682958
574875000.0 -76.1078915827
575125000.0 -77.2534517931
575375000.0 -77.9129253874
575625000.0 -73.4287849263
575875000.0 -72.6568805161
576125000.0 -71.7985586366
576375000.0 -70.2230681811
576625000.0 -68.8053619813
576875000.0 -68.9368236966
577125000.0 -68.671776268
577375000.0 -69.8677334339
577625000.0 -71.1131407347
577875000.0 -73.0788189796
578125000.0 -75.9542127912
578375000.0 -74.9245047659
578625000.0 -74.221973755
578875000.0 -72.7186041954
579125000.0 -71.69240334
579375000.0 -70.6892160713
579625000.0 -69.7339194124
579875000.0 -70.1866003761
580125000.0 -70.1350802647
580375000.0 -70.2904806638
580625000.0 -70.733147206
580875000.0 -71.4969640053
581125000.0 -71.9941623757
581375000.0 -71.6997602161
581625000.0 -71.4973632939
581875000.0 -79.3378990342
582125000.0 -81.6085783433
582375000.0 -77.0398204731
582625000.0 -78.9795002975
582875000.0 -79.2118908581
583125000.0 -78.6534556739
583375000.0 -80.2393308436
583625000.0 -78.8565029693
583875000.0 -80.4163829414
584125000.0 -79.0705477516
584375000.0 -78.0125107642
584625000.0 -77.5324125159
584875000.0 -76.1911355173
585125000.0 -75.2133627972
585375000.0 -74.5120183955
585625000.0 -74.2609522596
585875000.0 -74.4756730953
586125000.0 -74.0612434778
586375000.0 -74.6526925993
586625000.0 -75.6584645834
586875000.0 -75.5285376614
587125000.0 -77.1617157933
587375000.0 -77.2993323054
587625000.0 -78.9800911136
587875000.0 -78.3006812394
588125000.0 -76.9716126186
588375000.0 -76.7418801662
588625000.0 -74.5796181197
588875000.0 -74.5286879382
589125000.0 -73.8076694754
589375000.0 -74.4528479914
589625000.0 -74.8708010248
589875000.0 -81.0179198039
590125000.0 -81.0302812848
590375000.0 -74.0788304034
590625000.0 -73.8632140574
590875000.0 -78.6089475814
591125000.0 -76.0769720637
591375000.0 -74.7446979659
591625000.0 -72.7482028183
591875000.0 -72.3605964032
592125000.0 -72.1176587396
592375000.0 -72.0897269179
592625000.0 -73.6854227269
592875000.0 -74.4508826437
593125000.0 -75.6389404515
593375000.0 -77.102490421
593625000.0 -72.6862323729
593875000.0 -73.2933508397
594125000.0 -73.1545475611
594375000.0 -73.6652197582
594625000.0 -74.2316838585
594875000.0 -76.084751885
595125000.0 -76.0781177201
595375000.0 -74.0226193083
595625000.0 -75.6180886344
595875000.0 -76.4770393364
596125000.0 -73.930318696
596375000.0 -74.5396879411
596625000.0 -74.8511353527
596875000.0 -73.3389788515
597125000.0 -73.3902399263
597375000.0 -73.6150020607
597625000.0 -73.4100498456
597875000.0 -78.6130845813
598125000.0 -78.0133701603
598375000.0 -72.3100167878
598625000.0 -73.7338413001
598875000.0 -74.9335948311
599125000.0 -75.2483337232
599375000.0 -74.2101509577
599625000.0 -73.2009675748
599875000.0 -72.8822580426
600125000.0 -71.070829486
600375000.0 -70.284805961
600625000.0 -70.4003224914
600875000.0 -70.5570474712
601125000.0 -70.1708096453
601375000.0 -70.3079923811
601625000.0 -72.2185097053
601875000.0 -72.1105746354
602125000.0 -72.9209954729
602375000.0 -72.6178028536
602625000.0 -75.3362561182
602875000.0 -76.4026808135
603125000.0 -73.9847545912
603375000.0 -73.8880530763
603625000.0 -73.3252584024
603875000.0 -72.2812768594
604125000.0 -71.1608123116
604375000.0 -72.1802029243
604625000.0 -75.0578826394
604875000.0 -76.7337643898
605125000.0 -78.5707378547
605375000.0 -77.2124060943
605625000.0 -73.9796257466
605875000.0 -79.8699513921
606125000.0 -80.9633470016
606375000.0 -81.6744970729
606625000.0 -81.66510409
606875000.0 -81.3360146669
607125000.0 -79.696457962
607375000.0 -81.5511365381
607625000.0 -81.5091640364
607875000.0 -79.453675888
608125000.0 -80.0886814484
608375000.0 -79.8510261132
608625000.0 -79.0498156677
608875000.0 -77.5983389937
609125000.0 -81.3651742947
609375000.0 -78.2475949319
609625000.0 -80.0176285053
609875000.0 -80.3561789377
610125000.0 -78.1265667029
610375000.0 -79.4422398853
610625000.0 -78.4992034083
610875000.0 -81.0098879607
611125000.0 -81.9583887249
611375000.0 -81.9200546475
611625000.0 -81.8740725531
611875000.0 -82.0931764272
612125000.0 -82.2259548745
612375000.0 -82.4197199432
612625000.0 -82.4883374965
612875000.0 -82.7459332125
613125000.0 -82.4782827121
613375000.0 -82.3969362384
613625000.0 -82.6133600046
613875000.0 -82.3010750767
614125000.0 -80.1375799188
614375000.0 -81.6159981023
614625000.0 -81.5742831565
614875000.0 -81.9556562125
615125000.0 -82.414010445
615375000.0 -82.5493671335
615625000.0 -82.3998028872
615875000.0 -82.6452468045
616125000.0 -82.7367377449
616375000.0 -82.7476284003
616625000.0 -82.7022535194
616875000.0 -82.613529544
617125000.0 -82.7301490511
617375000.0 -82.5733599067
617625000.0 -82.6127138639
617875000.0 -82.6106967249
618125000.0 -82.4226578759
618375000.0 -82.441734239
618625000.0 -82.5057269113
618875000.0 -81.7537689481
619125000.0 -82.4752793455
619375000.0 -82.4028597442
619625000.0 -82.5869197688
619875000.0 -82.4682100986
620125000.0 -81.539887089
620375000.0 -82.519339512
620625000.0 -82.5867613392
620875000.0 -82.5137291527
621125000.0 -82.2923154617
621375000.0 -82.295829063
621625000.0 -82.4229481399
621875000.0 -82.6291026761
622125000.0 -82.6146736653
622375000.0 -82.2109592828
622625000.0 -79.0690987252
622875000.0 -81.1112214381
623125000.0 -82.5198363645
623375000.0 -71.2437870431
623625000.0 -81.1048121933
623875000.0 -82.0211715341
624125000.0 -80.2765031788
624375000.0 -82.5772035309
624625000.0 -82.1016946875
624875000.0 -81.546880799
625125000.0 -81.19784619
625375000.0 -78.0411035911
625625000.0 -82.2228181287
625875000.0 -80.5617530171
626125000.0 -82.4365998748
626375000.0 -82.4814356272
626625000.0 -82.5497377848
626875000.0 -82.5786124061
627125000.0 -76.5020919087
627375000.0 -76.3014909346
627625000.0 -80.4541852973
627875000.0 -82.6394513977
628125000.0 -82.8342146801
628375000.0 -82.9900201019
628625000.0 -82.1430520946
628875000.0 -75.0511889874
629125000.0 -74.7911393158
629375000.0 -79.932345639
629625000.0 -78.0905466503
629875000.0 -82.9209652491
630125000.0 -82.9355333485
630375000.0 -83.1695735906
630625000.0 -83.1362002534
630875000.0 -83.2519475456
631125000.0 -83.4285476522
631375000.0 -83.4012507941
631625000.0 -83.3920491578
631875000.0 -83.4624431498
632125000.0 -82.1635821798
632375000.0 -65.3136760671
632625000.0 -67.0846218554
632875000.0 -81.7335664788
633125000.0 -83.5593530351
633375000.0 -83.9002003629
633625000.0 -83.7091285904
633875000.0 -83.7514185764
634125000.0 -83.8657284767
634375000.0 -83.7460114548
634625000.0 -83.6637369719
634875000.0 -83.9575699057
635125000.0 -83.9754417305
635375000.0 -83.9620548231
635625000.0 -83.7570119004
635875000.0 -83.1562083055
636125000.0 -83.6232809143
636375000.0 -84.0260953413
636625000.0 -83.978839428
636875000.0 -84.0872899582
637125000.0 -84.0948333391
637375000.0 -83.970371117
637625000.0 -83.9087251914
637875000.0 -84.0521033471
638125000.0 -84.0416393392
638375000.0 -84.0833846592
638625000.0 -84.0824214695
638875000.0 -84.0992454557
639125000.0 -83.6983047574
639375000.0 -83.7257148328
639625000.0 -83.560766601
639875000.0 -83.4314149989
640125000.0 -83.03059356
640375000.0 -83.6303823685
640625000.0 -83.9147397343
640875000.0 -83.8941011066
641125000.0 -83.7174306037
641375000.0 -83.6476305262
641625000.0 -83.9507454921
641875000.0 -83.8892346736
642125000.0 -83.7068855118
642375000.0 -83.7350738124
642625000.0 -83.7662450942
642875000.0 -83.8622605225
643125000.0 -83.7656528069
643375000.0 -83.7079955549
643625000.0 -83.8894387085
643875000.0 -83.9090762529
644125000.0 -83.6038837356
644375000.0 -83.8154268485
644625000.0 -83.777365149
644875000.0 -83.8322276651
645125000.0 -83.7359158455
645375000.0 -83.3472044453
645625000.0 -83.0717031326
645875000.0 -83.7368349629
646125000.0 -82.212369088
646375000.0 -77.2781197121
646625000.0 -78.7307833369
646875000.0 -78.2896589639
647125000.0 -76.3532097595
647375000.0 -77.7214191752
647625000.0 -78.4683428967
647875000.0 -78.4700091276
648125000.0 -78.4764366745
648375000.0 -79.4768834107
648625000.0 -77.8534951737
648875000.0 -79.42343841
649125000.0 -78.146943834
649375000.0 -77.8471978364
649625000.0 -78.1146528603
649875000.0 -77.596897775
650125000.0 -76.7705137798
650375000.0 -77.7485213923
650625000.0 -78.0368827421
650875000.0 -78.2022155175
651125000.0 -78.9902398785
651375000.0 -80.1804762814
651625000.0 -80.0085776748
651875000.0 -80.6359659099
652125000.0 -77.9162337637
652375000.0 -78.0203682083
652625000.0 -77.6485764456
652875000.0 -78.6084701039
653125000.0 -79.4637694295
653375000.0 -82.2510998182
653625000.0 -80.2070537328
653875000.0 -82.4958205432
654125000.0 -80.8482438168
654375000.0 -72.4276203312
654625000.0 -69.1855459806
654875000.0 -70.6774608859
655125000.0 -71.6443965943
655375000.0 -71.2704957672
655625000.0 -71.1306084288
655875000.0 -73.9301153931
656125000.0 -71.7363715976
656375000.0 -71.5187183466
656625000.0 -71.1240935005
656875000.0 -70.3716216143
657125000.0 -71.5686344815
657375000.0 -73.5253424073
657625000.0 -72.8819022938
657875000.0 -75.9851110779
658125000.0 -72.6830988039
658375000.0 -71.9557466004
658625000.0 -72.4283364026
658875000.0 -74.1905234518
659125000.0 -71.6876239442
659375000.0 -71.8689363445
659625000.0 -71.4936543152
659875000.0 -70.885485149
660125000.0 -70.4272692024
660375000.0 -71.1122991542
660625000.0 -71.6516065384
660875000.0 -72.2280422891
661125000.0 -74.1289155248
661375000.0 -71.4481485358
661625000.0 -73.7360037876
661875000.0 -79.743062068
662125000.0 -82.772235801
662375000.0 -81.5854570839
662625000.0 -80.8042416792
662875000.0 -82.1673943314
663125000.0 -82.3353118532
663375000.0 -82.3337597977
663625000.0 -81.3462143224
663875000.0 -80.4726156084
664125000.0 -81.2690055072
664375000.0 -80.6105737691
664625000.0 -80.2868010507
664875000.0 -80.9750982935
665125000.0 -80.4588010533
665375000.0 -80.2812294985
665625000.0 -79.5708425307
665875000.0 -80.275715475
666125000.0 -79.7447456254
666375000.0 -79.7634720803
666625000.0 -81.1969086075
666875000.0 -79.8723144699
667125000.0 -80.8434257447
667375000.0 -79.788984954
667625000.0 -79.3144901164
667875000.0 -80.340250248
668125000.0 -79.4845848331
668375000.0 -80.0866340445
668625000.0 -79.4100484773
668875000.0 -80.8107286972
669125000.0 -80.5284726418
669375000.0 -80.031308958
669625000.0 -80.4444039512
669875000.0 -80.3125955373
670125000.0 -79.4628336173
670375000.0 -82.5298644283
670625000.0 -80.4715663101
670875000.0 -79.3264677534
671125000.0 -82.5192093465
671375000.0 -81.0895590189
671625000.0 -80.5342489607
671875000.0 -80.5111463737
672125000.0 -80.6165180645
672375000.0 -80.5926515094
672625000.0 -80.395808336
672875000.0 -80.4726985971
673125000.0 -80.4798386874
673375000.0 -80.445702646
673625000.0 -80.3184202647
673875000.0 -83.1370654168
674125000.0 -79.9926899661
674375000.0 -80.6109347887
674625000.0 -83.2153423251
674875000.0 -81.4277178696
675125000.0 -80.480865397
675375000.0 -83.4815449517
675625000.0 -81.4531714561
675875000.0 -81.8161511864
676125000.0 -81.9429227951
676375000.0 -82.0468453928
676625000.0 -82.2591013849
676875000.0 -82.2276380016
677125000.0 -82.4581414703
677375000.0 -82.2921468406
677625000.0 -84.0794819122
677875000.0 -83.4422584831
678125000.0 -82.9555045417
678375000.0 -77.4352650397
678625000.0 -76.0885229623
678875000.0 -78.8481596766
679125000.0 -79.1604090595
679375000.0 -76.6490444983
679625000.0 -77.8134673793
679875000.0 -75.8953326751
680125000.0 -76.4770793172
680375000.0 -75.6520331061
680625000.0 -76.9598422338
680875000.0 -77.073647626
681125000.0 -80.0416954724
681375000.0 -78.3733106824
681625000.0 -79.9672847494
681875000.0 -78.8161647081
682125000.0 -76.9652368027
682375000.0 -77.4361799286
682625000.0 -79.8614760697
682875000.0 -78.9089791797
683125000.0 -76.0808180786
683375000.0 -76.3301495023
683625000.0 -75.7204882521
683875000.0 -74.4235225725
684125000.0 -77.0575079402
684375000.0 -81.407498874
684625000.0 -80.4392180082
684875000.0 -80.2898882262
685125000.0 -78.5313744766
685375000.0 -80.0388530443
685625000.0 -78.0508025402
685875000.0 -83.6090937856
686125000.0 -81.3942250199
686375000.0 -73.9141900851
686625000.0 -74.2736698578
686875000.0 -74.3859686125
687125000.0 -76.1297426383
687375000.0 -74.2444948152
687625000.0 -74.3492561555
687875000.0 -76.1773799218
688125000.0 -78.956246222
688375000.0 -79.1983418078
688625000.0 -75.48990479
688875000.0 -76.4336831982
689125000.0 -75.2341939019
689375000.0 -73.9662700819
689625000.0 -75.9967269265
689875000.0 -74.8054574482
690125000.0 -75.1449911437
690375000.0 -78.364051836
690625000.0 -76.1852801038
690875000.0 -77.2437792473
691125000.0 -75.9784205175
691375000.0 -77.9234772612
691625000.0 -78.1609225237
691875000.0 -77.2832009506
692125000.0 -74.7444332197
692375000.0 -75.8663920765
692625000.0 -74.4159841339
692875000.0 -74.4630124359
693125000.0 -77.6363613075
693375000.0 -78.7152084988
693625000.0 -77.8928024557
693875000.0 -81.7789331071
694125000.0 -83.2957307417
694375000.0 -83.5205291522
694625000.0 -83.3626850073
694875000.0 -83.3535967474
695125000.0 -83.0962023773
695375000.0 -83.0433226417
695625000.0 -83.3910742023
695875000.0 -83.1549087887
696125000.0 -82.9886435712
696375000.0 -83.226091283
696625000.0 -83.122809303
696875000.0 -82.9089919948
697125000.0 -82.8973278697
697375000.0 -83.0013300085
697625000.0 -82.8465250314
697875000.0 -82.7904472335
698125000.0 -82.8249176989
698375000.0 -82.742493396
698625000.0 -82.5643330658
698875000.0 -82.9337670838
699125000.0 -82.6617582127
699375000.0 -82.3949299365
699625000.0 -82.6230508183
699875000.0 -82.5099385895
700125000.0 -82.2076658761
700375000.0 -82.3387867801
700625000.0 -82.4521971
700875000.0 -82.1276752081
701125000.0 -82.6233370086
701375000.0 -82.3311193215
701625000.0 -82.3749337896
701875000.0 -82.3658081645
702125000.0 -82.1403091243
702375000.0 -81.5374472345
702625000.0 -81.6443946032
702875000.0 -81.5021083728
703125000.0 -81.3743947208
703375000.0 -81.468214409
703625000.0 -81.344246312
703875000.0 -81.1716461933
704125000.0 -81.2949586646
704375000.0 -81.1884835549
704625000.0 -81.5936005721
704875000.0 -81.6025841461
705125000.0 -81.3169523611
705375000.0 -80.655283148
705625000.0 -80.1854357937
705875000.0 -79.7956086131
706125000.0 -80.4521904355
706375000.0 -80.1467333095
706625000.0 -81.7061689787
706875000.0 -82.2125902396
707125000.0 -81.7187414788
707375000.0 -81.92721797
707625000.0 -81.8166024239
707875000.0 -81.6590448871
708125000.0 -81.8221303334
708375000.0 -81.8263762653
708625000.0 -81.9750212669
708875000.0 -81.5414332164
709125000.0 -81.3345166187
709375000.0 -81.36397816
709625000.0 -81.7976628608
709875000.0 -81.9549313195
710125000.0 -82.7369598109
710375000.0 -80.3441758959
710625000.0 -81.9575653003
710875000.0 -79.7969289766
711125000.0 -81.8665188332
711375000.0 -80.7796832762
711625000.0 -82.5723218911
711875000.0 -82.2637336573
712125000.0 -82.6226822096
712375000.0 -82.2601949477
712625000.0 -82.0265270228
712875000.0 -82.6433466818
713125000.0 -82.2958455701
713375000.0 -82.187454578
713625000.0 -80.1684252823
713875000.0 -80.4249353021
714125000.0 -79.7966640648
714375000.0 -79.7569237464
714625000.0 -79.3409556861
714875000.0 -81.6993095117
715125000.0 -82.5963207535
715375000.0 -80.0151640415
715625000.0 -79.6663904956
715875000.0 -81.1730046447
716125000.0 -80.9008889869
716375000.0 -80.8515747894
716625000.0 -82.042366078
716875000.0 -81.5292730163
717125000.0 -80.4918391425
717375000.0 -80.6462815013
717625000.0 -81.6251096424
717875000.0 -81.3005086745
718125000.0 -81.0640413954
718375000.0 -82.3622961692
718625000.0 -82.4659770618
718875000.0 -82.0263133576
719125000.0 -82.1021768783
719375000.0 -82.5229822676
719625000.0 -82.3870566433
719875000.0 -82.31344747
720125000.0 -81.9163165291
720375000.0 -79.9300971524
720625000.0 -79.4504353693
720875000.0 -79.334247081
721125000.0 -79.5942504352
721375000.0 -80.1156309461
721625000.0 -82.4785326176
721875000.0 -81.9237136733
722125000.0 -81.7270424187
722375000.0 -81.2320358326
722625000.0 -80.8819062624
722875000.0 -79.8257092132
723125000.0 -81.2506742356
723375000.0 -82.4537965065
723625000.0 -82.7670205422
723875000.0 -82.965451091
724125000.0 -82.7604281893
724375000.0 -82.8035690204
724625000.0 -83.1830798796
724875000.0 -82.9270621122
725125000.0 -82.8066291518
725375000.0 -83.3384156598
725625000.0 -83.1177509668
725875000.0 -83.1042115521
726125000.0 -83.2347965228
726375000.0 -83.1661918079
726625000.0 -82.9583142309
726875000.0 -83.1408796702
727125000.0 -83.2742197806
727375000.0 -83.2802373054
727625000.0 -82.9333315621
727875000.0 -82.4628221303
728125000.0 -82.9563902654
728375000.0 -83.2849173041
728625000.0 -83.3531874394
728875000.0 -83.0145977163
729125000.0 -83.1566428076
729375000.0 -83.3507435585
729625000.0 -83.467040607
729875000.0 -83.3983778205
730125000.0 -83.3809016197
730375000.0 -83.4887167757
730625000.0 -83.5008153251
730875000.0 -83.831843884
731125000.0 -83.5704230614
731375000.0 -83.6242648141
731625000.0 -83.7499783231
731875000.0 -83.6875842609
732125000.0 -83.6346399443
732375000.0 -83.4107338999
732625000.0 -83.4285660205
732875000.0 -83.6961471382
733125000.0 -83.5049853325
733375000.0 -83.0351115635
733625000.0 -83.1115919685
733875000.0 -83.4056219932
734125000.0 -83.4514359215
734375000.0 -83.4461834022
734625000.0 -83.3444880652
734875000.0 -83.3968508347
735125000.0 -83.7859990533
735375000.0 -83.6665078302
735625000.0 -83.6394913597
735875000.0 -83.533176498
736125000.0 -83.7239998727
736375000.0 -83.8083210456
736625000.0 -83.7803522581
736875000.0 -83.6117160538
737125000.0 -83.7321575379
737375000.0 -83.560752513
737625000.0 -83.611577127
737875000.0 -83.5602230971
738125000.0 -83.406285112
738375000.0 -83.5462992873
738625000.0 -83.7322572595
738875000.0 -83.2648107851
739125000.0 -83.2053254697
739375000.0 -82.9929900288
739625000.0 -83.378301096
739875000.0 -83.0573925785
740125000.0 -83.4083972616
740375000.0 -83.3312959023
740625000.0 -83.7097585544
740875000.0 -83.5204365953
741125000.0 -83.3924933037
741375000.0 -83.3088832478
741625000.0 -83.4849186619
741875000.0 -83.6168877266
742125000.0 -83.5765686282
742375000.0 -83.4798802137
742625000.0 -83.416673172
742875000.0 -83.3734818628
743125000.0 -83.3826030913
743375000.0 -83.3803018335
743625000.0 -83.3881800456
743875000.0 -83.1055563172
744125000.0 -83.207494527
744375000.0 -83.3171245758
744625000.0 -83.014866315
744875000.0 -82.9132876802
745125000.0 -82.8854716278
745375000.0 -82.5904514783
745625000.0 -82.9389517995
745875000.0 -83.1344520893
746125000.0 -82.9683240154
746375000.0 -83.0553132158
746625000.0 -83.0145572071
746875000.0 -82.7308184097
747125000.0 -82.5817028594
747375000.0 -82.6689534167
747625000.0 -82.5589457791
747875000.0 -82.4637806961
748125000.0 -82.2459270404
748375000.0 -81.8559318519
748625000.0 -80.9699814381
748875000.0 -78.6407508962
749125000.0 -81.5883366146
749375000.0 -82.1348195194
749625000.0 -82.3778286197
749875000.0 -82.1236810504
750125000.0 -81.8303639674
750375000.0 -82.5817586048
750625000.0 -82.5563955266
750875000.0 -82.4660840184
751125000.0 -82.6555530867
751375000.0 -82.7371344873
751625000.0 -82.9226325319
751875000.0 -82.9908038251
752125000.0 -82.8086543784
752375000.0 -83.1171937284
752625000.0 -83.2123855775
752875000.0 -83.1260904719
753125000.0 -83.284133371
753375000.0 -83.3315480965
753625000.0 -83.2299013738
753875000.0 -83.3889307732
754125000.0 -83.2108430302
754375000.0 -83.3563178164
754625000.0 -83.5042052401
754875000.0 -83.5325321428
755125000.0 -83.6263339444
755375000.0 -83.427213904
755625000.0 -83.3091405907
755875000.0 -83.1897018491
756125000.0 -82.904139515
756375000.0 -83.3045113565
756625000.0 -83.6234295435
756875000.0 -83.6872620814
757125000.0 -83.9127521107
757375000.0 -83.7263000291
757625000.0 -83.822190839
757875000.0 -83.9472787357
758125000.0 -81.6485821815
758375000.0 -76.2358883211
758625000.0 -76.4971425664
758875000.0 -77.4553337099
759125000.0 -77.1398241868
759375000.0 -76.5527390126
759625000.0 -77.8547600785
759875000.0 -80.3379814141
760125000.0 -79.7566539072
760375000.0 -81.334956947
760625000.0 -79.0261465178
760875000.0 -82.5882115115
761125000.0 -79.3527352054
761375000.0 -80.4518254561
761625000.0 -80.7270060681
761875000.0 -79.9659313829
762125000.0 -79.5977956178
762375000.0 -79.9102289409
762625000.0 -78.284666615
762875000.0 -78.3628385457
763125000.0 -79.1373434688
763375000.0 -80.0749757425
763625000.0 -81.7752791113
763875000.0 -80.9118242316
764125000.0 -80.332860089
764375000.0 -80.7316117834
764625000.0 -78.890723747
764875000.0 -79.7077396684
765125000.0 -80.3746994287
765375000.0 -82.4943896515
765625000.0 -81.4591954145
765875000.0 -84.1100986393
766125000.0 -84.5313765588
766375000.0 -84.3648728123
766625000.0 -84.5281572123
766875000.0 -84.4650348772
767125000.0 -84.3437044985
767375000.0 -84.3797521239
767625000.0 -83.9019486556
767875000.0 -83.6134442194
768125000.0 -83.0475327178
768375000.0 -83.538000203
768625000.0 -83.1960017451
768875000.0 -83.4916735908
769125000.0 -78.7836759544
769375000.0 -84.4105630876
769625000.0 -79.4709062757
769875000.0 -84.1107992017
770125000.0 -84.2845928457
770375000.0 -83.4545521105
770625000.0 -82.8954202932
770875000.0 -83.0290012319
771125000.0 -83.3617377308
771375000.0 -84.0810048958
771625000.0 -83.0989723935
771875000.0 -83.700877123
772125000.0 -83.5423804317
772375000.0 -84.0491967985
772625000.0 -84.1078812184
772875000.0 -83.7431389936
773125000.0 -83.6692009502
773375000.0 -83.7190247202
773625000.0 -83.9497989072
773875000.0 -84.4640672843
774125000.0 -84.3266362581
774375000.0 -84.416404932
774625000.0 -84.484295569
774875000.0 -84.4802718181
775125000.0 -84.1968645051
775375000.0 -84.5462738784
775625000.0 -84.5544466536
775875000.0 -84.5300865355
776125000.0 -84.4209908683
776375000.0 -84.490159267
776625000.0 -84.4370161141
776875000.0 -84.3939053118
777125000.0 -84.3132862816
777375000.0 -84.4324732887
777625000.0 -84.4372679349
777875000.0 -84.5147883562
778125000.0 -84.5526584161
778375000.0 -84.5696865355
778625000.0 -84.4369759323
778875000.0 -84.5885367803
779125000.0 -84.5004428176
779375000.0 -84.5347699282
779625000.0 -84.5949635119
779875000.0 -84.3519231881
780125000.0 -84.3259070346
780375000.0 -84.4592105601
780625000.0 -84.5630451857
780875000.0 -84.3949900012
781125000.0 -84.5860640106
781375000.0 -84.5578874908
781625000.0 -84.5672267776
781875000.0 -84.6274385798
782125000.0 -84.4402586001
782375000.0 -84.4647598174
782625000.0 -84.3378415705
782875000.0 -84.5404378638
783125000.0 -84.5307093471
783375000.0 -84.5066308417
783625000.0 -84.4030516365
783875000.0 -84.5516003192
784125000.0 -84.4500417899
784375000.0 -84.4368140655
784625000.0 -84.4663001585
784875000.0 -84.5211084953
785125000.0 -84.5944442437
785375000.0 -84.3513533279
785625000.0 -84.5321497602
785875000.0 -84.4755052314
786125000.0 -84.3855164037
786375000.0 -84.5150907561
786625000.0 -84.3700635047
786875000.0 -84.4295560559
787125000.0 -84.4969806489
787375000.0 -84.4254160701
787625000.0 -84.3367415507
787875000.0 -84.4431001494
788125000.0 -84.3312462733
788375000.0 -84.406508488
788625000.0 -84.3917624124
788875000.0 -84.3610210055
789125000.0 -84.4429739854
789375000.0 -84.3710939576
789625000.0 -84.4900504374
789875000.0 -84.4152344787
790125000.0 -81.787477522
790375000.0 -74.2160995982
790625000.0 -76.3526078005
790875000.0 -76.2407038781
791125000.0 -75.4118464077
791375000.0 -74.9119835929
791625000.0 -73.7482986234
791875000.0 -72.7824938823
792125000.0 -71.3722976027
792375000.0 -71.8816916994
792625000.0 -71.426148533
792875000.0 -71.4062223002
793125000.0 -72.7706842862
793375000.0 -73.1965170902
793625000.0 -74.032783967
793875000.0 -73.4687808555
794125000.0 -71.8534921353
794375000.0 -72.6707006009
794625000.0 -71.7479050329
794875000.0 -72.2689676449
795125000.0 -73.9190924085
795375000.0 -79.4713231252
795625000.0 -79.7080323862
795875000.0 -75.3389848284
796125000.0 -73.670555851
796375000.0 -72.67082572
796625000.0 -72.9980688215
796875000.0 -73.0048711615
797125000.0 -73.0085051007
797375000.0 -72.8136073278
797625000.0 -74.2483096415
797875000.0 -82.4520729733
798125000.0 -84.3383488555
798375000.0 -84.2777769665
798625000.0 -84.2242574773
798875000.0 -84.1499094119
799125000.0 -84.055147244
799375000.0 -83.8828958144
799625000.0 -83.8192666626
799875000.0 -83.6020803775
800125000.0 -83.3457848037
800375000.0 -83.7168984805
800625000.0 -84.1579808758
800875000.0 -84.1288299187
801125000.0 -84.0169569344
801375000.0 -84.1226339335
801625000.0 -83.9611128598
801875000.0 -84.0121583225
802125000.0 -84.1433807144
802375000.0 -84.2415171416
802625000.0 -83.3712519133
802875000.0 -84.0113057556
803125000.0 -83.0613954402
803375000.0 -82.9357776804
803625000.0 -84.0073644513
803875000.0 -82.8276495244
804125000.0 -83.8305651261
804375000.0 -82.9654955999
804625000.0 -81.5877003182
804875000.0 -82.7415613033
805125000.0 -83.834783979
805375000.0 -82.859505622
805625000.0 -81.4975117635
805875000.0 -83.0353545884
806125000.0 -82.8657106367
806375000.0 -80.5977334966
806625000.0 -83.1450811606
806875000.0 -83.482402644
807125000.0 -83.7723506798
807375000.0 -83.8999435708
807625000.0 -83.7801529466
807875000.0 -84.0569139335
808125000.0 -83.8176558172
808375000.0 -84.0989142277
808625000.0 -83.8514620681
808875000.0 -84.1208866935
809125000.0 -83.989544293
809375000.0 -82.0062116675
809625000.0 -84.1655139476
809875000.0 -76.3047321561
810125000.0 -83.5904021926
810375000.0 -71.7179473033
810625000.0 -84.1928278904
810875000.0 -68.6256214708
811125000.0 -67.9653664045
811375000.0 -83.9164878779
811625000.0 -68.2656169089
811875000.0 -84.2195186934
812125000.0 -73.4064698935
812375000.0 -84.2513735366
812625000.0 -67.9272345832
812875000.0 -82.4265655757
813125000.0 -84.2605683501
813375000.0 -67.5724256479
813625000.0 -84.0311844474
813875000.0 -67.7810491344
814125000.0 -82.58872534
814375000.0 -70.292567834
814625000.0 -74.865213427
814875000.0 -74.3699505251
815125000.0 -74.6613920522
815375000.0 -75.1345416041
815625000.0 -76.6274855435
815875000.0 -77.3274646113
816125000.0 -81.0998024032
816375000.0 -79.317988829
816625000.0 -76.1362323902
816875000.0 -75.3368384556
817125000.0 -76.4373712143
817375000.0 -76.3282748011
817625000.0 -76.4413511467
817875000.0 -75.6387190598
818125000.0 -75.6283559139
818375000.0 -75.0062700205
818625000.0 -76.3789207228
818875000.0 -75.6239152351
819125000.0 -76.9400985713
819375000.0 -78.4503028554
819625000.0 -78.5100158413
819875000.0 -82.0193322207
820125000.0 -78.6311833662
820375000.0 -76.6277840371
820625000.0 -74.9920839006
820875000.0 -75.1135787983
821125000.0 -74.1450446844
821375000.0 -76.2403873882
821625000.0 -77.9088682622
821875000.0 -83.5431561587
822125000.0 -84.5931793358
822375000.0 -84.5984097006
822625000.0 -84.4942126689
822875000.0 -84.5316364425
823125000.0 -84.6687235177
823375000.0 -84.6566298116
823625000.0 -84.5483170241
823875000.0 -84.5325841948
824125000.0 -84.7262659391
824375000.0 -84.5786348867
824625000.0 -84.7278264235
824875000.0 -84.4823931121
825125000.0 -84.4396292178
825375000.0 -84.6361650968
825625000.0 -84.6727104999
825875000.0 -84.5721444242
826125000.0 -84.6488593484
826375000.0 -84.6830112205
826625000.0 -84.5531753018
826875000.0 -84.7566657892
827125000.0 -84.5356067108
827375000.0 -84.5098708922
827625000.0 -84.7252939748
827875000.0 -84.5973229045
828125000.0 -84.5635909445
828375000.0 -84.7100587155
828625000.0 -84.6610880715
828875000.0 -84.7559147972
829125000.0 -84.7113178708
829375000.0 -84.6905038265
829625000.0 -84.8147667305
829875000.0 -84.8052757486
830125000.0 -82.6968857168
830375000.0 -75.0846232648
830625000.0 -75.5607472539
830875000.0 -75.812603871
831125000.0 -75.5814619978
831375000.0 -76.4769955732
831625000.0 -78.2702211179
831875000.0 -79.5036531823
832125000.0 -80.1417569804
832375000.0 -78.1397424364
832625000.0 -82.1910624444
832875000.0 -82.0507368671
833125000.0 -81.3835493396
833375000.0 -79.5304105136
833625000.0 -77.2059494327
833875000.0 -76.2721048528
834125000.0 -77.9215714523
834375000.0 -78.4938926393
834625000.0 -80.5940360415
834875000.0 -82.4803590135
835125000.0 -78.6267740423
835375000.0 -81.4976394603
835625000.0 -79.4213264603
835875000.0 -79.3912965406
836125000.0 -81.5757558626
836375000.0 -80.4695974742
836625000.0 -78.3156652449
836875000.0 -78.1733139074
837125000.0 -79.7821130132
837375000.0 -80.7520571329
837625000.0 -79.433743966
837875000.0 -83.8999606304
838125000.0 -83.2995160508
838375000.0 -79.2658219267
838625000.0 -79.6153035737
838875000.0 -78.3903421254
839125000.0 -78.8476556207
839375000.0 -79.2840222414
839625000.0 -78.5758453092
839875000.0 -78.7343221241
840125000.0 -78.2579344586
840375000.0 -77.8573059305
840625000.0 -79.2765487852
840875000.0 -76.9428981952
841125000.0 -78.4841160701
841375000.0 -79.1722988917
841625000.0 -79.8680547164
841875000.0 -75.6991475856
842125000.0 -74.9070409875
842375000.0 -74.3481538744
842625000.0 -74.5615110875
842875000.0 -76.5752809203
843125000.0 -79.3025004136
843375000.0 -77.6131224922
843625000.0 -76.2414552683
843875000.0 -74.2126096327
844125000.0 -73.6620154952
844375000.0 -73.9704052284
844625000.0 -74.4779719615
844875000.0 -77.0494146311
845125000.0 -76.7912577064
845375000.0 -78.3631076848
845625000.0 -77.5843117051
845875000.0 -82.3314974317
846125000.0 -82.4437533224
846375000.0 -79.5549222694
846625000.0 -77.6653251133
846875000.0 -77.6350144817
847125000.0 -78.0381877684
847375000.0 -76.3123197018
847625000.0 -77.5864068643
847875000.0 -77.7899469171
848125000.0 -76.2102686247
848375000.0 -76.2431368855
848625000.0 -76.7099050949
848875000.0 -79.6883359534
849125000.0 -79.815244666
849375000.0 -80.0019574291
849625000.0 -77.8257084378
849875000.0 -77.7475834459
850125000.0 -77.1626751029
850375000.0 -77.3456090825
850625000.0 -78.2533409721
850875000.0 -79.7715622159
851125000.0 -81.1638504753
851375000.0 -78.6211640553
851625000.0 -77.1817184109
851875000.0 -75.7777328671
852125000.0 -76.004577564
852375000.0 -76.2911343575
852625000.0 -78.0009737134
852875000.0 -77.534408775
853125000.0 -76.1850365062
853375000.0 -77.0430653234
853625000.0 -75.8292738286
853875000.0 -81.689547218
854125000.0 -81.1851919424
854375000.0 -76.1584853644
854625000.0 -77.5303226147
854875000.0 -76.5797653212
855125000.0 -78.0577368674
855375000.0 -77.2627266097
855625000.0 -76.9495422094
855875000.0 -77.8040907765
856125000.0 -76.2225687997
856375000.0 -75.1633128752
856625000.0 -74.9994715218
856875000.0 -74.425047204
857125000.0 -75.1642790463
857375000.0 -76.374279358
857625000.0 -76.9186223507
857875000.0 -76.9405967087
858125000.0 -75.385620022
858375000.0 -75.618649059
858625000.0 -77.5337478908
858875000.0 -79.2299396075
859125000.0 -78.0260207224
859375000.0 -77.2178766557
859625000.0 -78.0208578741
859875000.0 -77.1354429675
860125000.0 -77.3071119294
860375000.0 -79.3599564726
860625000.0 -76.8331523951
860875000.0 -76.4500222452
861125000.0 -75.3765412088
861375000.0 -74.7366985874
861625000.0 -76.7924162109
861875000.0 -79.0195352263
862125000.0 -81.4671712562
862375000.0 -80.9295309408
862625000.0 -80.8809812384
862875000.0 -81.8439860653
863125000.0 -81.9153132359
