471375000.0 -78.4331355327
471625000.0 -81.0533696239
471875000.0 -80.5465930764
472125000.0 -80.033102133
472375000.0 -80.74455676
472625000.0 -80.7320730039
472875000.0 -80.036418382
473125000.0 -79.8487027826
473375000.0 -80.3234834026
473625000.0 -80.1605951503
473875000.0 -79.6895148522
474125000.0 -80.2456689172
474375000.0 -79.8461681217
474625000.0 -79.6031566347
474875000.0 -79.3742372441
475125000.0 -79.7418711907
475375000.0 -79.4485876686
475625000.0 -79.2427163976
475875000.0 -79.6228894933
476125000.0 -79.7008790925
476375000.0 -79.2254760981
476625000.0 -79.0539839547
476875000.0 -79.2981536912
477125000.0 -79.6185866026
477375000.0 -79.017211296
477625000.0 -79.6583709227
477875000.0 -79.2639121611
478125000.0 -79.2025492699
478375000.0 -79.0445834576
478625000.0 -79.7064332744
478875000.0 -79.4122985177
479125000.0 -79.1114015695
479375000.0 -79.0760007021
479625000.0 -79.5563481895
479875000.0 -78.7439627583
480125000.0 -78.5753849247
480375000.0 -79.0034475689
480625000.0 -79.5088629948
480875000.0 -78.8014595611
481125000.0 -79.0792771964
481375000.0 -79.3710061736
481625000.0 -79.4971405448
481875000.0 -78.2574353083
482125000.0 -79.3824039926
482375000.0 -79.2561862019
482625000.0 -79.2361017678
482875000.0 -79.0641942915
483125000.0 -79.5220402479
483375000.0 -79.0711474797
483625000.0 -79.2590831323
483875000.0 -79.3172742095
484125000.0 -79.1946423143
484375000.0 -79.2199671149
484625000.0 -79.7679991902
484875000.0 -79.2810803471
485125000.0 -79.6571174204
485375000.0 -79.0365574953
485625000.0 -79.81797585
485875000.0 -79.1457625201
486125000.0 -78.9826648461
486375000.0 -79.1404643504
486625000.0 -79.0251529853
486875000.0 -78.8370169246
487125000.0 -78.5386581125
487375000.0 -79.7741230307
487625000.0 -79.2016556773
487875000.0 -78.5601964468
488125000.0 -71.50455743
488375000.0 -75.970589993
488625000.0 -77.9322078291
488875000.0 -77.8964597808
489125000.0 -78.3958632339
489375000.0 -78.124691374
489625000.0 -78.5348922419
489875000.0 -78.2279415857
490125000.0 -78.4941236659
490375000.0 -78.6964960208
490625000.0 -79.6592462995
490875000.0 -79.432524903
491125000.0 -79.58442144
491375000.0 -78.6312207049
491625000.0 -77.7225219304
491875000.0 -77.730020566
492125000.0 -77.4525529285
492375000.0 -76.9914575715
492625000.0 -77.8590729899
492875000.0 -77.6419814488
493125000.0 -77.1172500355
493375000.0 -77.8194022851
493625000.0 -78.6538448921
493875000.0 -79.6641784161
494125000.0 -80.541718614
494375000.0 -81.316531113
494625000.0 -81.6907228364
494875000.0 -80.2980914978
495125000.0 -82.0276315909
495375000.0 -81.9219885167
495625000.0 -81.1046032581
495875000.0 -78.6190402816
496125000.0 -81.9424442179
496375000.0 -81.751063293
496625000.0 -80.7076383476
496875000.0 -82.6886432268
497125000.0 -82.4833915874
497375000.0 -81.4327219373
497625000.0 -79.2955984882
497875000.0 -81.965635949
498125000.0 -82.1089363226
498375000.0 -80.5107051343
498625000.0 -82.1976219255
498875000.0 -82.3252453444
499125000.0 -82.2426541555
499375000.0 -82.0817855237
499625000.0 -82.0776951282
499875000.0 -81.0751327967
500125000.0 -81.8885928636
500375000.0 -79.8568952272
500625000.0 -79.1229908913
500875000.0 -80.4939975766
501125000.0 -78.4081841426
501375000.0 -81.1998545725
501625000.0 -80.2241629457
501875000.0 -81.1109956609
502125000.0 -81.1481581539
502375000.0 -81.2243333574
502625000.0 -79.8167082052
502875000.0 -81.1067207033
503125000.0 -81.3838885028
503375000.0 -79.9182416625
503625000.0 -81.2102771924
503875000.0 -81.6617871921
504125000.0 -81.9482387588
504375000.0 -81.6523247327
504625000.0 -81.7310769135
504875000.0 -80.6153619416
505125000.0 -82.8656913912
505375000.0 -83.0054607927
505625000.0 -81.0728039271
505875000.0 -83.1550867867
506125000.0 -81.5992481325
506375000.0 -83.0438548508
506625000.0 -83.1709834614
506875000.0 -81.0766791138
507125000.0 -83.0051233682
507375000.0 -80.2128286852
507625000.0 -80.8315496545
507875000.0 -82.4541295231
508125000.0 -79.4048504614
508375000.0 -83.0647565288
508625000.0 -82.6872292831
508875000.0 -80.327380534
509125000.0 -77.9850092066
509375000.0 -82.8620394505
509625000.0 -82.139671108
509875000.0 -79.3855652627
510125000.0 -80.1281276216
510375000.0 -72.9881937695
510625000.0 -74.0423119638
510875000.0 -73.3116305277
511125000.0 -73.9249131007
511375000.0 -73.7247852063
511625000.0 -72.861001673
511875000.0 -71.6472812996
512125000.0 -71.0216284977
512375000.0 -70.9178563344
512625000.0 -70.9585311151
512875000.0 -71.0033610966
513125000.0 -71.9931201579
513375000.0 -73.593283419
513625000.0 -75.2171927615
513875000.0 -72.9919843443
514125000.0 -71.7395179973
514375000.0 -70.9308714607
514625000.0 -70.350009232
514875000.0 -71.0399380865
515125000.0 -69.5719149607
515375000.0 -69.3933014963
515625000.0 -70.532247914
515875000.0 -71.9336333496
516125000.0 -73.2194058295
516375000.0 -74.3279648528
516625000.0 -73.9942361991
516875000.0 -72.4857259395
517125000.0 -71.7168568967
517375000.0 -71.8696063161
517625000.0 -70.3454485313
517875000.0 -71.509554071
518125000.0 -76.1134483405
518375000.0 -69.929245242
518625000.0 -70.8158175997
518875000.0 -71.7531598545
519125000.0 -72.8064588206
519375000.0 -72.7131592248
519625000.0 -71.9402153862
519875000.0 -72.1355101716
520125000.0 -70.6674739419
520375000.0 -69.6716132331
520625000.0 -69.1687130675
520875000.0 -69.446081874
521125000.0 -69.4591491488
521375000.0 -70.1085857189
521625000.0 -70.7469102047
521875000.0 -72.2378924917
522125000.0 -73.9546778283
522375000.0 -73.2538757861
522625000.0 -73.5877989321
522875000.0 -74.5780460715
523125000.0 -71.7358784066
523375000.0 -71.1097137995
523625000.0 -69.6702331782
523875000.0 -69.2632098623
524125000.0 -69.0482739031
524375000.0 -69.2637159111
524625000.0 -69.3025490846
524875000.0 -69.5606665575
525125000.0 -69.9135509433
525375000.0 -71.515818623
525625000.0 -74.4768047648
525875000.0 -78.8814869155
526125000.0 -81.0172628029
526375000.0 -80.5644969813
526625000.0 -79.3502472894
526875000.0 -82.6549553399
527125000.0 -82.1368759682
527375000.0 -79.6770702746
527625000.0 -83.1142837614
527875000.0 -82.4891633521
528125000.0 -80.5060253139
528375000.0 -79.9511105063
528625000.0 -82.7687418943
528875000.0 -81.6607005214
529125000.0 -79.862095298
529375000.0 -82.721750449
529625000.0 -82.7920039297
529875000.0 -81.25076135
530125000.0 -79.1006148185
530375000.0 -82.999774095
530625000.0 -82.783536266
530875000.0 -80.1241965532
531125000.0 -82.4771351053
531375000.0 -82.4821259225
531625000.0 -80.9663720657
531875000.0 -79.3927707822
532125000.0 -82.7044723222
532375000.0 -81.8537312435
532625000.0 -79.3674988967
532875000.0 -82.4709005652
533125000.0 -82.2771347875
533375000.0 -80.7793174138
533625000.0 -79.0771118087
533875000.0 -82.6545480466
534125000.0 -80.8224863655
534375000.0 -76.4739987553
534625000.0 -76.3406655451
534875000.0 -77.3413051661
535125000.0 -77.4774911169
535375000.0 -76.5237196638
535625000.0 -76.7619083319
535875000.0 -77.0357780472
536125000.0 -76.6459501862
536375000.0 -76.4148722566
536625000.0 -77.0104111781
536875000.0 -77.1607467732
537125000.0 -77.3876294875
537375000.0 -78.205789359
537625000.0 -79.2937844276
537875000.0 -78.9323731435
538125000.0 -78.0327589094
538375000.0 -79.0218064627
538625000.0 -78.7258387897
538875000.0 -78.2232831067
539125000.0 -79.5485452424
539375000.0 -78.8682163043
539625000.0 -77.6014134281
539875000.0 -76.8669532292
540125000.0 -77.5896440243
540375000.0 -77.9935942473
540625000.0 -77.9063047272
540875000.0 -79.9957339799
541125000.0 -80.0760025758
541375000.0 -78.8575508882
541625000.0 -77.6421913671
541875000.0 -79.4858321081
542125000.0 -80.4928562677
542375000.0 -79.2701340656
542625000.0 -82.6451303042
542875000.0 -81.4870969236
543125000.0 -80.0990742256
543375000.0 -79.3540416766
543625000.0 -82.4299645941
543875000.0 -80.7925297934
544125000.0 -79.3024375476
544375000.0 -82.146953543
544625000.0 -82.2641011463
544875000.0 -80.2735949456
545125000.0 -79.446464098
545375000.0 -82.5003380849
545625000.0 -80.6119962707
545875000.0 -79.2212666558
546125000.0 -82.1773955374
546375000.0 -82.408405892
546625000.0 -81.0111208958
546875000.0 -78.8930596156
547125000.0 -82.071619759
547375000.0 -81.4680646375
547625000.0 -79.4777967265
547875000.0 -82.4619775231
548125000.0 -82.0871778749
548375000.0 -82.0432584949
548625000.0 -82.2534162682
548875000.0 -82.2975650058
549125000.0 -81.5446579901
549375000.0 -80.0729071116
549625000.0 -82.3929752506
549875000.0 -82.1234169832
550125000.0 -75.7872820518
550375000.0 -71.5453640272
550625000.0 -72.4747324028
550875000.0 -74.065319617
551125000.0 -73.6502624937
551375000.0 -72.5543843037
551625000.0 -71.342422574
551875000.0 -70.791414984
552125000.0 -70.1354948317
552375000.0 -70.3986742507
552625000.0 -71.1871790924
552875000.0 -72.9391248365
553125000.0 -74.4824887694
553375000.0 -74.3668924398
553625000.0 -73.0192528525
553875000.0 -72.0539319493
554125000.0 -71.2064158165
554375000.0 -70.1621757697
554625000.0 -69.4142470039
554875000.0 -68.884870705
555125000.0 -69.2275161318
555375000.0 -69.6855242281
555625000.0 -70.6086749185
555875000.0 -70.8514214262
556125000.0 -70.7331754887
556375000.0 -70.3373850386
556625000.0 -70.3532725803
556875000.0 -69.714857926
557125000.0 -70.3676522743
557375000.0 -69.864243892
557625000.0 -69.9110105779
557875000.0 -71.5220959489
558125000.0 -76.4509653927
558375000.0 -82.3539674704
558625000.0 -81.9105880296
558875000.0 -79.4740851411
559125000.0 -77.8404354016
559375000.0 -82.8492527952
559625000.0 -81.5847776394
559875000.0 -79.288580446
560125000.0 -82.3233881595
560375000.0 -82.4260207078
560625000.0 -79.6909219452
560875000.0 -78.445633986
561125000.0 -82.6439213735
561375000.0 -81.4424157903
561625000.0 -78.9827931446
561875000.0 -82.8829223964
562125000.0 -82.2623126365
562375000.0 -79.7737389281
562625000.0 -77.4577511125
562875000.0 -82.6337638364
563125000.0 -81.5908778246
563375000.0 -78.3242538182
563625000.0 -82.3405208282
563875000.0 -82.6378517862
564125000.0 -79.7484152175
564375000.0 -77.6050363079
564625000.0 -82.4468764281
564875000.0 -81.1368444174
565125000.0 -78.5201929529
565375000.0 -82.0644270349
565625000.0 -82.2199978449
565875000.0 -79.3547522156
566125000.0 -75.550879388
566375000.0 -71.3985941465
566625000.0 -72.1301871333
566875000.0 -72.5992680988
567125000.0 -74.6650307011
567375000.0 -77.0202895207
567625000.0 -73.160924024
567875000.0 -71.4443534594
568125000.0 -69.4927718432
568375000.0 -69.6604155543
568625000.0 -70.014199944
568875000.0 -71.1913412349
569125000.0 -71.5617377122
569375000.0 -70.3237348616
569625000.0 -69.8838677426
569875000.0 -70.7172006286
570125000.0 -70.474830875
570375000.0 -70.0694644808
570625000.0 -69.6745274474
570875000.0 -70.5075666594
571125000.0 -71.4631307475
571375000.0 -71.7312465818
571625000.0 -73.0423069183
571875000.0 -74.4428967886
572125000.0 -75.2814325246
572375000.0 -73.1993888027
572625000.0 -73.5187374751
572875000.0 -71.1260947023
573125000.0 -70.9501553168
573375000.0 -71.3130050943
573625000.0 -71.2991558045
573875000.0 -72.3823703326
574125000.0 -77.3681320907
574375000.0 -69.6595133102
574625000.0 -69.6447447769
574875000.0 -69.5595031817
575125000.0 -70.8826298362
575375000.0 -72.4422849821
575625000.0 -73.994111779
575875000.0 -75.01641529
576125000.0 -73.3447907988
576375000.0 -73.70632737
576625000.0 -71.7366117343
576875000.0 -72.3502204086
577125000.0 -74.0694587314
577375000.0 -75.4761376644
577625000.0 -73.4865516472
577875000.0 -71.2959934907
578125000.0 -71.7573842329
578375000.0 -72.5752219987
578625000.0 -74.7203854838
578875000.0 -76.2318358537
579125000.0 -73.6499419867
579375000.0 -72.9887101467
579625000.0 -72.7458876961
579875000.0 -71.9826305139
580125000.0 -71.0426964214
580375000.0 -70.5609378477
580625000.0 -69.3958123404
580875000.0 -68.9760152009
581125000.0 -69.5066073066
581375000.0 -70.3786264292
581625000.0 -71.4056636159
581875000.0 -73.2515629134
582125000.0 -79.4166949088
582375000.0 -78.1951228827
582625000.0 -76.9977875756
582875000.0 -76.9887988324
583125000.0 -78.1843611669
583375000.0 -77.2499221219
583625000.0 -74.9429264528
583875000.0 -75.999042696
584125000.0 -76.7858318834
584375000.0 -75.9793043205
584625000.0 -76.6295609733
584875000.0 -79.8090754953
585125000.0 -79.5254055939
585375000.0 -77.2674106507
585625000.0 -79.337972272
585875000.0 -79.1498562893
586125000.0 -76.3336340033
586375000.0 -74.8387390147
586625000.0 -75.6159824435
586875000.0 -76.0434718566
587125000.0 -76.0400556432
587375000.0 -78.3872938929
587625000.0 -78.5559743894
587875000.0 -78.8899442678
588125000.0 -76.2959851372
588375000.0 -77.5687249264
588625000.0 -77.1486481524
588875000.0 -76.7382864055
589125000.0 -77.547197653
589375000.0 -77.1963361485
589625000.0 -77.1676387515
589875000.0 -77.045190298
590125000.0 -79.5900459323
590375000.0 -75.1155577441
590625000.0 -73.9920662018
590875000.0 -73.2809632892
591125000.0 -72.9535645754
591375000.0 -71.2898970014
591625000.0 -72.0776009392
591875000.0 -73.1225399981
592125000.0 -73.9477971904
592375000.0 -72.284068875
592625000.0 -71.3550460605
592875000.0 -72.1457102597
593125000.0 -70.948948543
593375000.0 -71.4572955995
593625000.0 -73.6818985416
593875000.0 -76.1038621976
594125000.0 -75.9146279989
594375000.0 -74.5057531679
594625000.0 -74.9577837966
594875000.0 -73.5242727874
595125000.0 -72.8866169677
595375000.0 -73.8574405818
595625000.0 -75.3327291512
595875000.0 -76.3367714688
596125000.0 -75.4392960052
596375000.0 -75.1632195249
596625000.0 -75.2640324507
596875000.0 -74.9794985807
597125000.0 -76.4394933763
597375000.0 -75.2419808433
597625000.0 -74.7596051552
597875000.0 -75.6869105798
598125000.0 -77.5881960891
598375000.0 -71.0782410755
598625000.0 -71.3601778736
598875000.0 -72.1853483908
599125000.0 -72.9121178913
599375000.0 -72.3488128714
599625000.0 -73.9646946743
599875000.0 -73.6266185384
600125000.0 -72.1462092367
600375000.0 -71.8264722372
600625000.0 -72.4206749743
600875000.0 -72.8688009425
601125000.0 -73.4980769394
601375000.0 -72.3579226916
601625000.0 -71.276908907
601875000.0 -71.137600935
602125000.0 -70.9706072522
602375000.0 -70.982604676
602625000.0 -69.4838998075
602875000.0 -68.6531747229
603125000.0 -68.0227882937
603375000.0 -67.9017137991
603625000.0 -68.1945165933
603875000.0 -68.84868458
604125000.0 -69.7420240859
604375000.0 -71.423535077
604625000.0 -72.6752495824
604875000.0 -72.0473727115
605125000.0 -72.0391743386
605375000.0 -72.0576229451
605625000.0 -70.0125911776
605875000.0 -71.6168605934
606125000.0 -78.2182501066
606375000.0 -78.2610652514
606625000.0 -78.2019477861
606875000.0 -81.4115063209
607125000.0 -79.6292857078
607375000.0 -77.7526104562
607625000.0 -82.1316150689
607875000.0 -81.9752656652
608125000.0 -78.667605148
608375000.0 -78.4301664433
608625000.0 -82.1875563607
608875000.0 -80.4183606917
609125000.0 -78.0177875008
609375000.0 -82.5976582791
609625000.0 -81.4790228898
609875000.0 -79.4875475232
610125000.0 -78.0671240909
610375000.0 -81.7457468443
610625000.0 -80.6242318328
610875000.0 -78.5856407546
611125000.0 -81.7944527167
611375000.0 -81.5932007483
611625000.0 -79.4877768213
611875000.0 -78.3510394981
612125000.0 -82.2715473954
612375000.0 -80.3464459638
612625000.0 -78.3467240186
612875000.0 -82.8621159769
613125000.0 -82.385858275
613375000.0 -79.4226531458
613625000.0 -78.2324294349
613875000.0 -82.345248854
614125000.0 -80.0623613595
614375000.0 -78.2139065542
614625000.0 -80.8877538893
614875000.0 -81.0029113806
615125000.0 -79.1210733007
615375000.0 -78.5349654458
615625000.0 -82.7525845838
615875000.0 -81.0025463656
616125000.0 -79.1328880722
616375000.0 -82.1812043578
616625000.0 -81.6567847159
616875000.0 -79.4514974995
617125000.0 -78.4775942807
617375000.0 -82.6910758033
617625000.0 -80.7668864454
617875000.0 -79.2543364337
618125000.0 -82.382923867
618375000.0 -81.5591170425
618625000.0 -79.666610304
618875000.0 -78.4763312724
619125000.0 -81.899651348
619375000.0 -80.4317962051
619625000.0 -78.9324712891
619875000.0 -83.0121450283
620125000.0 -81.6816759778
620375000.0 -78.6425632407
620625000.0 -78.7138751993
620875000.0 -82.4850442146
621125000.0 -81.4553224696
621375000.0 -78.8389795265
621625000.0 -82.5484230816
621875000.0 -82.5093750593
622125000.0 -80.1146715403
622375000.0 -78.5385446136
622625000.0 -79.2054215879
622875000.0 -79.6152646432
623125000.0 -79.2875076998
623375000.0 -74.105737587
623625000.0 -75.3277795175
623875000.0 -79.9291552366
624125000.0 -78.2760566058
624375000.0 -82.5158333823
624625000.0 -80.8968137505
624875000.0 -78.5574506586
625125000.0 -81.7550697312
625375000.0 -79.5256077765
625625000.0 -80.2830600592
625875000.0 -82.5470997022
626125000.0 -82.5290342471
626375000.0 -81.4473613568
626625000.0 -79.3571696282
626875000.0 -83.2819540466
627125000.0 -82.6791797965
627375000.0 -81.0647165994
627625000.0 -77.496417661
627875000.0 -71.5774018703
628125000.0 -79.5712306746
628375000.0 -81.7981110257
628625000.0 -83.6844432136
628875000.0 -82.5729493663
629125000.0 -80.7890403808
629375000.0 -78.8452512318
629625000.0 -83.7949950192
629875000.0 -82.7527813717
630125000.0 -70.6154181617
630375000.0 -77.3534682825
630625000.0 -83.3330682974
630875000.0 -82.9932555834
631125000.0 -72.6526078502
631375000.0 -74.4985034863
631625000.0 -80.5420199958
631875000.0 -73.1430796224
632125000.0 -77.9272455066
632375000.0 -83.2206518954
632625000.0 -81.3983065466
632875000.0 -78.9276088301
633125000.0 -83.709866924
633375000.0 -81.8687742844
633625000.0 -81.4398094978
633875000.0 -79.0463736226
634125000.0 -83.3418433724
634375000.0 -81.648807365
634625000.0 -79.068920795
634875000.0 -83.6448720178
635125000.0 -82.7858418061
635375000.0 -80.0084191954
635625000.0 -79.1551074285
635875000.0 -83.3868297603
636125000.0 -81.7290469886
636375000.0 -79.0173894183
636625000.0 -83.5829652852
636875000.0 -83.2840779158
637125000.0 -80.2719596996
637375000.0 -79.455529138
637625000.0 -83.4206071958
637875000.0 -81.5822050114
638125000.0 -79.6660887109
638375000.0 -83.8656425407
638625000.0 -82.8913729158
638875000.0 -80.3176162122
639125000.0 -79.1244109757
639375000.0 -83.6993517419
639625000.0 -81.9121564564
639875000.0 -78.6562040291
640125000.0 -83.0071042769
640375000.0 -82.8195697488
640625000.0 -80.4471615447
640875000.0 -78.9575957259
641125000.0 -83.7546731759
641375000.0 -81.6947781657
641625000.0 -78.7507280109
641875000.0 -80.474009347
642125000.0 -78.5302704448
642375000.0 -77.8531425567
642625000.0 -77.8118807168
642875000.0 -78.5653728864
643125000.0 -77.52423438
643375000.0 -78.2967083385
643625000.0 -83.7129500857
643875000.0 -82.8300271157
644125000.0 -80.2222482007
644375000.0 -78.6047340541
644625000.0 -83.7938435871
644875000.0 -81.8997544809
645125000.0 -79.4652675865
645375000.0 -83.6695234856
645625000.0 -83.0395813898
645875000.0 -79.9491878106
646125000.0 -79.3896019256
647375000.0 -79.1762120049
647625000.0 -80.1143907922
647875000.0 -79.8528405312
648125000.0 -78.875226805
648375000.0 -79.4240148932
648625000.0 -79.1181351686
648875000.0 -79.0145968277
649125000.0 -79.2648851704
649375000.0 -79.2107619421
649625000.0 -78.6934303346
649875000.0 -79.3584677965
650125000.0 -78.7975078517
650375000.0 -77.7842807086
650625000.0 -77.3415004932
650875000.0 -79.6155184737
651125000.0 -78.2290524528
651375000.0 -78.982687596
651625000.0 -77.3348429746
651875000.0 -78.8322932354
652125000.0 -77.3839318282
652375000.0 -77.6161140042
652625000.0 -78.2594088315
652875000.0 -77.4975277543
653125000.0 -79.3737533346
653375000.0 -78.506364616
653625000.0 -78.8558730353
653875000.0 -77.1064366085
654125000.0 -77.0478677077
654375000.0 -77.7958675969
654625000.0 -78.7399082433
654875000.0 -79.7878809528
655125000.0 -77.377267288
655375000.0 -80.1397970234
655625000.0 -74.3182090506
655875000.0 -74.4141504816
656125000.0 -75.4011050302
656375000.0 -75.9980303168
656625000.0 -75.3578442605
656875000.0 -75.3194332944
657125000.0 -72.2831479359
657375000.0 -71.7242365137
657625000.0 -75.0849917546
657875000.0 -77.2149607912
658125000.0 -74.7304992379
658375000.0 -73.2619704202
658625000.0 -74.7906763451
658875000.0 -75.3369290209
659125000.0 -75.8263861673
659375000.0 -76.0492182633
659625000.0 -75.8969290158
659875000.0 -75.9757414994
660125000.0 -75.52185374
660375000.0 -75.6265468899
660625000.0 -75.7030501666
660875000.0 -76.0274836651
661125000.0 -78.1619996632
661375000.0 -75.5937789813
661625000.0 -71.453318787
661875000.0 -70.9706411253
662125000.0 -69.9593602849
662375000.0 -70.1408996424
662625000.0 -71.2604131687
662875000.0 -71.9317518618
663125000.0 -73.4511843653
663375000.0 -78.6404126685
663625000.0 -80.9333769453
663875000.0 -79.9877909245
664125000.0 -78.8228168418
664375000.0 -77.9427852356
664625000.0 -77.9053502208
664875000.0 -79.2982651976
665125000.0 -78.3584850438
665375000.0 -77.935830273
665625000.0 -79.1691368843
665875000.0 -78.6011148628
666125000.0 -77.5562243985
666375000.0 -77.3047655749
666625000.0 -79.0245228582
668625000.0 -81.5051125841
668875000.0 -82.1266148627
669125000.0 -82.1464443078
669375000.0 -82.1205364438
669625000.0 -82.1615486502
669875000.0 -82.1547556087
670125000.0 -82.1028481401
670375000.0 -82.1494916559
670625000.0 -82.1981273792
670875000.0 -80.7642569184
671125000.0 -81.7579358298
671375000.0 -82.0137649767
671625000.0 -82.0554659942
671875000.0 -81.4764897384
672125000.0 -80.8143370166
672375000.0 -80.4781263742
672625000.0 -82.5845185804
672875000.0 -81.2739407934
673125000.0 -82.7389013158
673375000.0 -82.4072331136
673625000.0 -80.4603960452
673875000.0 -81.913198023
674125000.0 -78.766894451
674375000.0 -81.8606109129
674625000.0 -82.9376141273
674875000.0 -82.9579643459
675125000.0 -83.0115144398
675375000.0 -80.0472374858
675625000.0 -83.0662167991
675875000.0 -79.3950624592
676125000.0 -81.1087716891
676375000.0 -82.6654405647
676625000.0 -79.4088484102
676875000.0 -82.7050071078
677125000.0 -81.5427554344
677375000.0 -83.3224389137
677625000.0 -80.7713036082
677875000.0 -80.5135525686
678125000.0 -83.3109976457
678375000.0 -83.5088569156
678625000.0 -79.6300356039
678875000.0 -83.4938235673
679125000.0 -79.7768481369
679375000.0 -76.2470705446
679625000.0 -74.813191219
679875000.0 -74.3070730287
680125000.0 -76.4862607326
680375000.0 -76.9619066843
680625000.0 -75.8925979498
680875000.0 -75.0342581728
681125000.0 -74.9978341926
681375000.0 -75.6599338265
681625000.0 -77.2012565978
681875000.0 -77.4163621596
682125000.0 -77.3807354292
682375000.0 -78.1624419079
682625000.0 -76.5762751448
682875000.0 -77.61083246
683125000.0 -77.7366136318
683375000.0 -77.6406253519
683625000.0 -77.7799737547
683875000.0 -78.8767981318
684125000.0 -77.0486648931
684375000.0 -76.3948107253
684625000.0 -75.7213364031
684875000.0 -79.0438703254
685125000.0 -76.7120308879
685375000.0 -76.2162630403
685625000.0 -75.8286673562
685875000.0 -74.6710164879
686125000.0 -74.976978374
686375000.0 -80.2259829608
686625000.0 -74.8250391118
686875000.0 -75.6550958563
687125000.0 -75.0613116999
687375000.0 -74.7012590786
687625000.0 -73.4849447241
687875000.0 -73.3922253845
688125000.0 -73.3663761159
688375000.0 -73.2603051806
688625000.0 -73.4430743674
688875000.0 -71.8574675874
689125000.0 -71.7882826468
689375000.0 -71.2570007969
689625000.0 -72.2381085029
689875000.0 -73.602717853
690125000.0 -74.3806158895
690375000.0 -72.9305478253
690625000.0 -72.8805087339
690875000.0 -73.10690514
691125000.0 -73.314649191
691375000.0 -74.5719736161
691625000.0 -75.9851287771
691875000.0 -75.7709715054
692125000.0 -74.3804623358
692375000.0 -74.2001196541
692625000.0 -74.3470961428
692875000.0 -75.6000156611
693125000.0 -77.8829797498
693375000.0 -78.5089128887
693625000.0 -77.4067874583
693875000.0 -79.9442997737
694125000.0 -80.8792200882
694375000.0 -80.5310127068
694625000.0 -83.0040439678
694875000.0 -81.8365028365
695125000.0 -80.1591080225
695375000.0 -78.2833150872
695625000.0 -82.1615836102
695875000.0 -80.9303060463
696125000.0 -79.1848939307
696375000.0 -81.8811425199
696625000.0 -81.3102696426
696875000.0 -79.4153117245
697125000.0 -78.9907022398
697375000.0 -81.9976887824
697625000.0 -80.5019356867
697875000.0 -78.6967177494
698125000.0 -81.7651333031
698375000.0 -80.9234081756
698625000.0 -79.8101752014
698875000.0 -78.5449995239
699125000.0 -81.4609464119
699375000.0 -80.2859635832
699625000.0 -78.5480108997
699875000.0 -81.306114203
700125000.0 -80.8927247751
700375000.0 -78.84053807
700625000.0 -78.3802062237
700875000.0 -81.0738292285
701125000.0 -79.9752363635
701375000.0 -78.7103294436
701625000.0 -81.4776242453
701875000.0 -81.083553295
702125000.0 -79.3295190801
702375000.0 -78.7046330026
702625000.0 -81.5353922341
702875000.0 -80.7857500726
703125000.0 -78.5004691347
703375000.0 -81.6959620412
703625000.0 -81.4594905728
703875000.0 -79.4702068539
704125000.0 -78.4318774427
704375000.0 -81.6916295341
704625000.0 -80.8139745146
704875000.0 -78.8335896352
705125000.0 -81.8269825371
705375000.0 -80.4907302608
705625000.0 -79.4199873978
705875000.0 -78.5483866093
706125000.0 -80.8886007261
706375000.0 -80.1115369975
706625000.0 -78.8631371476
706875000.0 -81.620459074
707125000.0 -81.5756245075
707375000.0 -79.4362248984
707625000.0 -78.6598624892
707875000.0 -80.6753492578
708125000.0 -79.9838469489
708375000.0 -78.4494862254
708625000.0 -80.3515361974
708875000.0 -80.471400708
709125000.0 -79.4728722467
709375000.0 -78.3061863951
709625000.0 -80.955609642
709875000.0 -80.7188167352
710125000.0 -78.9979668296
710375000.0 -81.4627539443
710625000.0 -81.7264158255
710875000.0 -80.3519796151
711125000.0 -79.0814356224
711375000.0 -81.3732091602
711625000.0 -81.1278841824
711875000.0 -79.5108641296
712125000.0 -82.0270742065
712375000.0 -81.7594462718
712625000.0 -80.086081238
712875000.0 -79.0457370072
713125000.0 -81.9701066324
713375000.0 -81.1104905177
713625000.0 -78.6287055542
713875000.0 -79.3149172355
714125000.0 -79.2413882792
714375000.0 -77.934459096
714625000.0 -76.718115323
714875000.0 -79.3703625626
715125000.0 -81.1635145528
715375000.0 -78.1984370262
715625000.0 -78.7788152046
715875000.0 -79.2941619799
716125000.0 -78.9713490631
716375000.0 -78.6871688969
716625000.0 -81.4618668633
716875000.0 -78.0962722314
717125000.0 -76.6851217116
717375000.0 -78.7847102551
717625000.0 -79.8173723367
717875000.0 -77.8850011581
718125000.0 -77.3349582764
718375000.0 -80.7514876616
718625000.0 -80.8269949241
718875000.0 -78.8395174138
719125000.0 -81.6400919461
719375000.0 -81.5415550165
719625000.0 -80.1850980615
719875000.0 -78.8459959183
720125000.0 -81.3052121629
720375000.0 -79.8812789869
720625000.0 -77.6210138819
720875000.0 -78.7057406004
721125000.0 -78.011737876
721375000.0 -77.7571154121
721625000.0 -78.1242741153
721875000.0 -80.3706627634
722125000.0 -77.992321541
722375000.0 -77.7748626104
722625000.0 -79.6974050648
722875000.0 -79.9877694903
723125000.0 -78.9872874571
723375000.0 -78.4408599397
723625000.0 -81.8898075742
723875000.0 -80.6790055971
724125000.0 -79.3790185665
724375000.0 -79.2296803821
724625000.0 -81.8629018139
724875000.0 -80.2049207204
725125000.0 -78.7737087933
725375000.0 -82.0696343593
725625000.0 -81.2869894831
725875000.0 -79.5464173081
726125000.0 -78.8939330852
726375000.0 -82.0035725691
726625000.0 -80.0003557107
726875000.0 -78.7894524899
727125000.0 -82.3349609896
727375000.0 -81.2999531843
727625000.0 -79.3065802386
727875000.0 -78.8274422191
728125000.0 -81.7474574925
728375000.0 -81.0576644404
728625000.0 -78.851923013
728875000.0 -82.4697103734
729125000.0 -81.3345235485
729375000.0 -79.4208076035
729625000.0 -78.9225967027
729875000.0 -82.1614642071
730125000.0 -80.7797709581
730375000.0 -78.8651555062
730625000.0 -82.7939962974
730875000.0 -81.6387690753
731125000.0 -79.480958329
731375000.0 -78.8667909085
731625000.0 -82.5263467824
731875000.0 -81.0888969741
732125000.0 -79.0004044971
732375000.0 -83.0728135562
732625000.0 -81.8636743475
732875000.0 -82.3789541311
733125000.0 -78.9027229502
733375000.0 -83.1382500657
733625000.0 -81.149491278
733875000.0 -78.7437683983
734125000.0 -83.2176702735
734375000.0 -81.8703445132
734625000.0 -79.814915493
734875000.0 -78.8795450107
735125000.0 -82.7474790043
735375000.0 -80.7018348406
735625000.0 -78.8914330462
735875000.0 -83.056083896
736125000.0 -82.9459728857
736375000.0 -79.9506465818
736625000.0 -78.9084983295
736875000.0 -82.9406727126
737125000.0 -81.2239541828
737375000.0 -78.7954849539
737625000.0 -83.0511992108
737875000.0 -82.2667081246
738125000.0 -79.6825132334
738375000.0 -78.6653803862
738625000.0 -82.9536632399
738875000.0 -82.7844465047
739125000.0 -79.0146100074
739375000.0 -83.0102418557
739625000.0 -80.8003837464
739875000.0 -78.6725737483
740125000.0 -78.6696444781
740375000.0 -83.3444939255
740625000.0 -81.7055428615
740875000.0 -78.7726419997
741125000.0 -83.4492207955
741375000.0 -83.5171614421
741625000.0 -79.7055278942
741875000.0 -78.6458840283
742125000.0 -83.362306885
742375000.0 -81.6440722274
742625000.0 -78.9005954196
742875000.0 -83.3264114523
743125000.0 -82.6636590332
743375000.0 -80.0094080688
743625000.0 -78.8485774315
743875000.0 -83.2009149746
744125000.0 -81.2707004889
744375000.0 -78.7462936044
744625000.0 -82.9648120657
744875000.0 -82.3706690951
745125000.0 -79.6080319663
745375000.0 -78.5180553289
745625000.0 -82.666468361
745875000.0 -80.976400802
746125000.0 -78.8264837048
746375000.0 -82.5973686336
746625000.0 -82.0429499757
746875000.0 -79.0847598533
747125000.0 -78.3744532512
747375000.0 -81.8566142423
747625000.0 -80.6302290793
747875000.0 -78.4940645233
748125000.0 -81.6505168383
748375000.0 -81.1448641276
748625000.0 -78.969322732
748875000.0 -77.3895562393
749125000.0 -80.8795089894
749375000.0 -81.2836904659
749625000.0 -78.185010374
749875000.0 -81.126510827
750125000.0 -80.8081257196
750375000.0 -78.6595985738
750625000.0 -77.8965230531
750875000.0 -81.4479060454
751125000.0 -80.4392721159
751375000.0 -78.5032777943
751625000.0 -81.7053262831
751875000.0 -81.713787188
752125000.0 -79.4223568041
752375000.0 -78.1491666571
752625000.0 -82.1690099716
752875000.0 -80.7262979696
753125000.0 -79.0230652873
753375000.0 -82.5618819073
753625000.0 -82.011410601
753875000.0 -79.9701953718
754125000.0 -78.3046391238
754375000.0 -82.8916973432
754625000.0 -81.4238734992
754875000.0 -79.0477990834
755125000.0 -82.698409939
755375000.0 -82.7859724213
755625000.0 -80.2700403862
755875000.0 -78.4876167104
756125000.0 -82.7120707083
756375000.0 -81.4098421002
756625000.0 -78.6232396421
756875000.0 -78.6046329795
757125000.0 -82.7527888303
757375000.0 -79.6127609755
757625000.0 -78.3110568594
757875000.0 -82.8309007321
758125000.0 -81.0761653675
758375000.0 -78.4349940745
758625000.0 -78.2070550474
758875000.0 -78.7303663028
759125000.0 -77.6210880373
759375000.0 -75.5938016694
759625000.0 -75.4003071458
759875000.0 -75.0989603264
760125000.0 -74.3132160774
760375000.0 -74.5594657343
760625000.0 -76.1686800455
760875000.0 -76.7390756394
761125000.0 -76.2930378816
761375000.0 -77.4133759044
761625000.0 -77.1621361478
761875000.0 -77.0826067187
762125000.0 -76.9792386388
762375000.0 -78.6835160697
762625000.0 -76.9699134725
762875000.0 -75.6695062216
763125000.0 -76.1716983116
763375000.0 -76.4674733198
763625000.0 -76.4310646915
763875000.0 -76.6781462375
764125000.0 -77.2084309496
764375000.0 -76.8950417232
764625000.0 -76.2582641402
764875000.0 -78.7628512242
765125000.0 -79.6432736877
765375000.0 -79.2084729192
765625000.0 -78.6123761763
765875000.0 -79.5447118462
766125000.0 -79.9037092068
766375000.0 -78.8028729556
766625000.0 -84.0871710383
766875000.0 -82.7667126362
767125000.0 -79.5791213978
767375000.0 -78.7070595952
767625000.0 -82.9772115918
767875000.0 -81.0402037462
768125000.0 -77.3551246277
768375000.0 -82.7522504401
768625000.0 -82.1137805229
768875000.0 -79.8300110397
769125000.0 -78.6405237035
769375000.0 -82.6276794405
769625000.0 -83.1626887072
769875000.0 -78.8436486243
770125000.0 -83.3922183033
770375000.0 -81.6886441424
770625000.0 -79.9363166872
770875000.0 -78.7728016964
771125000.0 -83.203599004
771375000.0 -80.7744482211
771625000.0 -79.2160773797
771875000.0 -83.8895545426
772125000.0 -82.871577821
772375000.0 -79.9458451951
772625000.0 -78.7529713472
772875000.0 -83.8902454207
773125000.0 -81.5161057555
773375000.0 -79.0310886088
773625000.0 -83.8821404423
773875000.0 -83.1180618557
774125000.0 -80.4203015188
774375000.0 -78.7692705176
774625000.0 -84.3452196986
774875000.0 -82.1739576876
775125000.0 -79.0831638843
775375000.0 -84.2409208036
775625000.0 -83.7986358097
775875000.0 -83.1436319276
776125000.0 -79.0717154851
776375000.0 -84.367157867
776625000.0 -82.3804814741
776875000.0 -79.2987859545
777125000.0 -84.4577969037
777375000.0 -83.7078059591
777625000.0 -80.5166934565
777875000.0 -78.8666626985
778125000.0 -84.4380169161
778375000.0 -82.2267705804
778625000.0 -79.2166971802
778875000.0 -84.3048906908
779125000.0 -83.6808027196
779375000.0 -79.4355492054
779625000.0 -78.8636270168
779875000.0 -84.2778648525
780125000.0 -81.7284279635
780375000.0 -79.1769068302
780625000.0 -84.4532049113
780875000.0 -83.343736741
781125000.0 -80.2858149486
781375000.0 -78.8345046379
781625000.0 -84.3822738931
781875000.0 -82.7422939529
782125000.0 -79.3255075494
782375000.0 -84.506011087
782625000.0 -83.8766587979
782875000.0 -80.6120642478
783125000.0 -78.6296087341
783375000.0 -84.678264971
783625000.0 -82.3356998219
783875000.0 -79.3429097076
784125000.0 -84.5049119548
784375000.0 -83.9176487096
784625000.0 -80.7442008414
784875000.0 -78.7751199078
785125000.0 -84.634403972
785375000.0 -82.8236726986
785625000.0 -79.3384986305
785875000.0 -84.8004641733
786125000.0 -84.3896535475
786375000.0 -80.3799718943
786625000.0 -78.9563079414
786875000.0 -84.9055553374
787125000.0 -82.812146334
787375000.0 -78.7425768228
787625000.0 -78.0783219404
787875000.0 -83.6859208754
788125000.0 -80.7188981567
788375000.0 -78.2490668851
788625000.0 -84.9722345639
788875000.0 -82.9465041894
789125000.0 -78.5141587684
789375000.0 -78.6907441812
789625000.0 -84.1918113091
789875000.0 -80.9155253308
790125000.0 -76.2629852653
790375000.0 -72.8106269969
790625000.0 -72.1966122219
790875000.0 -71.4014311646
791125000.0 -71.6153054131
791375000.0 -72.57303776
791625000.0 -72.168368496
791875000.0 -72.1826105411
792125000.0 -72.4267876798
792375000.0 -71.5159611443
792625000.0 -70.9491208479
792875000.0 -70.9809518362
793125000.0 -72.2855425562
793375000.0 -72.0861047237
793625000.0 -73.0124118213
793875000.0 -73.726661659
794125000.0 -75.1097877621
794375000.0 -75.9971692309
794625000.0 -74.5787666354
794875000.0 -76.8612816144
795125000.0 -78.4431392487
795375000.0 -74.8866678365
795625000.0 -75.6670416738
795875000.0 -75.0632380482
796125000.0 -73.604225447
796375000.0 -72.7653475497
796625000.0 -74.0489896122
796875000.0 -76.8751193096
797125000.0 -75.8638095617
797375000.0 -77.4575925897
797625000.0 -76.4228870712
797875000.0 -75.9560613809
798125000.0 -77.7013934129
798375000.0 -83.9595895615
798625000.0 -80.8114959545
798875000.0 -78.6669660684
799125000.0 -83.7263687497
799375000.0 -82.839513728
799625000.0 -79.6409815322
799875000.0 -79.5209089398
800125000.0 -83.1068511692
800375000.0 -80.2557728739
800625000.0 -78.658246198
800875000.0 -84.062217036
801125000.0 -82.4755109724
801375000.0 -79.997615921
801625000.0 -78.5558177203
801875000.0 -82.5929520238
802125000.0 -80.677101598
802375000.0 -79.0859718198
802625000.0 -84.2007103952
802875000.0 -82.5990483528
803125000.0 -78.5781771853
803375000.0 -79.3395152232
803625000.0 -83.7967611231
803875000.0 -81.0775963774
804125000.0 -79.0273157351
804375000.0 -83.7685309878
804625000.0 -80.5022399562
804875000.0 -79.255758042
805125000.0 -78.6264986577
805375000.0 -83.7584398611
805625000.0 -81.8464161137
805875000.0 -79.1266562471
806125000.0 -84.1749241198
806375000.0 -83.0913684629
806625000.0 -80.32449409
806875000.0 -78.6762163305
807125000.0 -83.6517278918
807375000.0 -82.2230142909
807625000.0 -79.0599687038
807875000.0 -84.3847932363
808125000.0 -83.1704853472
808375000.0 -80.4634443877
808625000.0 -78.5421338332
808875000.0 -83.3502492223
809125000.0 -81.4917527961
809375000.0 -78.1133146183
809625000.0 -71.7016123287
809875000.0 -70.5694560605
810125000.0 -69.4251397428
810375000.0 -68.4551281917
810625000.0 -76.3837246237
810875000.0 -66.2495573179
811125000.0 -77.0932907317
811375000.0 -77.2248121135
811625000.0 -65.4956516992
811875000.0 -80.3993431601
812125000.0 -74.3136764649
812375000.0 -84.4416708671
812625000.0 -79.7687545856
812875000.0 -79.6509025833
813125000.0 -73.7878320257
813375000.0 -83.9955187069
813625000.0 -77.5507504863
813875000.0 -78.7072105427
814125000.0 -80.7541827604
814375000.0 -74.9139264701
814625000.0 -74.4753582905
814875000.0 -75.1137112468
815125000.0 -75.9589722339
815375000.0 -76.5271125156
815625000.0 -76.4772842767
815875000.0 -77.9591811786
816125000.0 -77.4865312096
816375000.0 -76.4821379036
816625000.0 -78.9349543867
816875000.0 -80.4644224252
817125000.0 -79.7089299118
817375000.0 -75.9794289775
817625000.0 -76.0523773962
817875000.0 -75.5666359129
818125000.0 -75.4363578196
818375000.0 -76.6449150761
818625000.0 -77.7660367182
818875000.0 -77.5076183654
819125000.0 -77.2793509369
819375000.0 -79.5328597787
819625000.0 -78.3504321187
819875000.0 -76.0900185375
820125000.0 -76.3245176445
820375000.0 -76.8199991626
820625000.0 -75.8920769772
820875000.0 -76.1318858453
821125000.0 -78.5547422304
821375000.0 -78.8030934528
821625000.0 -75.9516793213
821875000.0 -76.4890855565
822125000.0 -82.6815659739
822375000.0 -81.3939143721
822625000.0 -79.066342161
822875000.0 -84.7070583059
823125000.0 -84.4149853055
823375000.0 -79.6624696693
823625000.0 -79.0900383857
823875000.0 -84.1347141103
824125000.0 -81.7060897844
824375000.0 -78.959391735
824625000.0 -84.482210467
824875000.0 -83.4132053523
825125000.0 -79.9526160968
825375000.0 -79.0872687037
825625000.0 -83.4564773983
825875000.0 -80.6135546203
826125000.0 -79.0638811019
826375000.0 -84.6923666504
826625000.0 -83.5019745614
826875000.0 -79.2987613928
827125000.0 -79.0246290782
827375000.0 -84.1137373697
827625000.0 -81.3784021737
827875000.0 -79.215005337
828125000.0 -84.5204088538
828375000.0 -83.4686440491
828625000.0 -79.6533540071
828875000.0 -79.1577719038
829125000.0 -83.8832175645
829375000.0 -81.8755302036
829625000.0 -79.3019607482
829875000.0 -84.7046577739
830125000.0 -81.8607541059
830375000.0 -75.9562734974
830625000.0 -75.9702852731
830875000.0 -78.1469787349
831125000.0 -78.4354210768
831375000.0 -77.9229268889
831625000.0 -81.0649374705
831875000.0 -80.896502761
832125000.0 -78.2586885571
832375000.0 -77.0728180331
832625000.0 -78.6246875272
832875000.0 -77.9865600292
833125000.0 -77.3957353454
833375000.0 -78.5039624893
833625000.0 -77.8115790774
833875000.0 -77.0892560213
834125000.0 -77.1177339683
834375000.0 -79.9212620584
834625000.0 -80.2960008745
834875000.0 -78.7913948217
835125000.0 -80.1699485032
835375000.0 -79.8124358374
835625000.0 -78.2422228871
835875000.0 -78.0319234657
836125000.0 -81.9329732609
836375000.0 -80.0641121092
836625000.0 -77.7720500697
836875000.0 -78.3810894409
837125000.0 -77.6538471937
837375000.0 -77.2622198775
837625000.0 -76.7921958245
837875000.0 -80.0703261824
838125000.0 -79.4166579675
838375000.0 -78.7390842489
838625000.0 -81.4976692471
838875000.0 -80.4610925622
839125000.0 -77.4522882752
839375000.0 -76.1091943884
839625000.0 -75.792256695
839875000.0 -74.4968825632
840125000.0 -74.3058301598
840375000.0 -75.6694099405
840625000.0 -76.6547610515
840875000.0 -77.3954791682
841125000.0 -76.0396915603
841375000.0 -76.1866998063
841625000.0 -75.7076831359
841875000.0 -75.078295502
842125000.0 -75.8072810001
842375000.0 -75.8380580197
842625000.0 -76.1140303979
842875000.0 -77.1693727618
843125000.0 -80.4648837601
843375000.0 -79.4839576535
843625000.0 -77.7558918731
843875000.0 -78.1243231359
844125000.0 -78.2954037937
844375000.0 -77.6194664218
844625000.0 -75.7806607284
844875000.0 -74.6313280511
845125000.0 -73.9257656197
845375000.0 -74.4961625683
845625000.0 -77.0869434892
845875000.0 -79.957281005
846125000.0 -78.7975276535
846375000.0 -75.1354530181
846625000.0 -76.1190697599
846875000.0 -76.7127491329
847125000.0 -76.1281462113
847375000.0 -77.228148077
847625000.0 -78.6412374357
847875000.0 -77.9952012177
848125000.0 -75.2971437068
848375000.0 -75.6251524387
848625000.0 -76.3535050818
848875000.0 -76.9986566938
849125000.0 -79.6415892026
849375000.0 -77.8717340384
849625000.0 -77.353278266
849875000.0 -77.8442749419
850125000.0 -79.9894057544
850375000.0 -77.9636980537
850625000.0 -74.9555539187
850875000.0 -74.3409963977
851125000.0 -74.7885509113
851375000.0 -75.2535259919
851625000.0 -75.2662410595
851875000.0 -77.6583511476
852125000.0 -80.1233614029
852375000.0 -78.4266991063
852625000.0 -77.1548261078
852875000.0 -78.0305187623
853125000.0 -78.4377196222
853375000.0 -78.347584636
853625000.0 -77.400067847
853875000.0 -78.3383331836
854125000.0 -78.3052625016
854375000.0 -77.5008183718
854625000.0 -80.0741675246
854875000.0 -78.3221239459
855125000.0 -75.7267708192
855375000.0 -75.8747510261
855625000.0 -75.5479853514
855875000.0 -75.5761946039
856125000.0 -76.3116808454
856375000.0 -76.0967991531
856625000.0 -74.7262560832
856875000.0 -74.3141539601
857125000.0 -75.1611340132
857375000.0 -76.4172907834
857625000.0 -77.2300666339
857875000.0 -77.7842854524
858125000.0 -76.443242052
858375000.0 -76.5298052256
858625000.0 -76.3595864501
858875000.0 -77.2973939398
859125000.0 -76.5138410365
859375000.0 -77.1375252946
859625000.0 -77.5135781277
859875000.0 -76.4688752856
860125000.0 -75.186275711
860375000.0 -74.3764515046
860625000.0 -75.3172659595
860875000.0 -75.3387150007
861125000.0 -74.0063932203
861375000.0 -73.9631479014
861625000.0 -74.9243985549
861875000.0 -76.2858530332
862125000.0 -78.4297992479
862375000.0 -82.07129388
862625000.0 -80.5127602664
862875000.0 -80.1839040161
863125000.0 -79.6158981413
471375000.0 -80.7004493699
471625000.0 -80.8235186855
471875000.0 -80.5495054462
472125000.0 -80.8497041037
472375000.0 -80.9829797788
472625000.0 -80.5372727202
472875000.0 -80.2662700977
473125000.0 -81.0138966735
473375000.0 -80.6984712376
