21 471.25 0 0
22 479.25 0 1
23 487.25 1 0
24 495.25 0 1
25 503.25 0 0
26 511.25 1 0
27 519.25 1 1
28 527.25 0 0
29 535.25 1 1
30 543.25 0 0
31 551.25 1 0
32 559.25 0 1
33 567.25 1 0
34 575.25 1 0
35 583.25 0 0
36 591.25 1 0
37 599.25 0 0
38 607.25 0 0
39 615.25 0 0
40 623.25 0 0
41 631.25 0 0
42 639.25 0 1
43 647.25 1 0
44 655.25 1 0
45 663.25 0 0
46 671.25 1 0
47 679.25 1 1
48 687.25 1 0
49 695.25 0 0
50 703.25 0 0
51 711.25 0 1
52 719.25 0 1
53 727.25 0 0
54 735.25 0 0
55 743.25 0 0
56 751.25 0 0
57 759.25 0 1
58 767.25 0 0
59 775.25 0 0
60 783.25 0 0
61 791.25 1 0
62 799.25 0 0
63 807.25 0 0
64 815.25 1 1
65 823.25 0 0
66 831.25 0 0
67 839.25 1 1
68 847.25 1 1
69 855.25 1 1
